axis snp loading PC1 PC2 PC3 predictor correlation
1 locus_119.01 -0.100855162735064 -0.214341698163922 -0.164606205861923 0.092640766923427 PC1 0.214341698163922
1 locus_244.04 0.250005701128804 0.741261828156302 0.165968692639169 0.110213875979811 PC1 0.741261828156302
1 locus_606.02 0.273123929435183 0.526041954302032 0.634165901662951 0.141525659961937 PC2 0.634165901662951
1 locus_1202.04 0.0300838057101177 0.0278241291834347 0.130918608625614 0.0675508710695912 PC2 0.130918608625614
1 locus_1347.01 -0.15003291738813 -0.494939933272983 0.032574096679063 0.137299811743774 PC1 0.494939933272983
1 locus_1834.04 0.0932566229069574 0.211171200722591 0.185887857213569 0.121364827813727 PC1 0.211171200722591
1 locus_2192.03 0.199747548983714 0.460638312365385 0.326910704132044 0.0377296862649797 PC1 0.460638312365385
1 locus_2196.02 -0.0502800370462463 -0.0931325303856026 -0.156794787732579 -0.156844030769783 PC3 0.156844030769783
1 locus_2218.01 -0.301229020702616 -0.58794393243101 -0.677864978522297 -0.120498140434348 PC2 0.677864978522297
1 locus_2261.01 -0.0217628405346379 -0.00956128270138379 -0.114767700227273 -0.0618775222033853 PC2 0.114767700227273
1 locus_2283.02 -0.167880291448243 -0.475161696051564 -0.204299802450251 -0.292820671124868 PC1 0.475161696051564
1 locus_3332.03 0.0480078850723158 0.181338923882746 -0.0501032646961706 -0.0572217309166865 PC1 0.181338923882746
1 locus_4558.01 -0.257498690635819 -0.701328958735097 -0.247112688045178 -0.0301496974985566 PC1 0.701328958735097
1 locus_4759.01 -0.301229020702616 -0.58794393243101 -0.677864978522297 -0.120498140434348 PC2 0.677864978522297
1 locus_4827.03 0.286477403065173 0.54859739666422 0.661124331320213 0.113901049407956 PC2 0.661124331320213
1 locus_4865.04 0.286477403065173 0.54859739666422 0.661124331320213 0.113901049407956 PC2 0.661124331320213
1 locus_5223.04 0.252954784309348 0.408879007308368 0.721941502673406 0.173701193899086 PC2 0.721941502673406
1 locus_5238.01 -0.286477403065173 -0.54859739666422 -0.661124331320213 -0.113901049407956 PC2 0.661124331320213
1 locus_5242.02 -0.192167735411914 -0.623925116171545 0.00995306270573099 0.114733727518072 PC1 0.623925116171545
1 locus_5306.02 -0.157203225503187 -0.509062340456887 0.0287890975510932 0.180889795561646 PC1 0.509062340456887
1 locus_5322.01 -0.143578146969504 -0.484713347712006 0.0484455201148649 0.130731339691983 PC1 0.484713347712006
1 locus_5325.01 -0.301229020702616 -0.58794393243101 -0.677864978522297 -0.120498140434348 PC2 0.677864978522297
1 locus_5327.01 -0.252954784309348 -0.408879007308368 -0.721941502673406 -0.173701193899086 PC2 0.721941502673406
1 locus_5345.04 0.0775422940696468 0.134570576688591 0.172379020069942 -0.0782078547381214 PC2 0.172379020069942
1 locus_5353.02 0.0626455799237658 0.19042583709125 0.107189302914926 0.306688124829518 PC3 0.306688124829518
1 locus_5456.02 -0.301229020702616 -0.58794393243101 -0.677864978522297 -0.120498140434348 PC2 0.677864978522297
1 locus_5490.04 0.178105440858124 0.57621761590618 -0.010908124566702 -0.125134115752586 PC1 0.57621761590618
1 locus_5509.04 0.286477403065173 0.54859739666422 0.661124331320213 0.113901049407956 PC2 0.661124331320213
1 locus_5646.02 0.030398562926055 0.00939062524149089 0.218211301257341 0.28393800039818 PC3 0.28393800039818
1 locus_5874.03 -0.146014132081488 -0.313997420111892 -0.250528514601311 0.0652087003076162 PC1 0.313997420111892
1 locus_7042.01 -0.19353016273803 -0.487759915552531 -0.226558396126947 0.0583504623310847 PC1 0.487759915552531
1 locus_7915.03 0.197389752720547 0.440680308490041 0.347570137329371 0.0435088947436552 PC1 0.440680308490041
1 locus_9877.02 -0.252954784309348 -0.408879007308368 -0.721941502673406 -0.173701193899086 PC2 0.721941502673406
1 locus_11086.02 -0.211133022023729 -0.289836527330889 -0.646050347586806 -0.00112404947127958 PC2 0.646050347586806
1 locus_14755.01 -0.209849958631917 -0.32757056254164 -0.571082107923361 0.0324618791168147 PC2 0.571082107923361
1 locus_14913.03 0.149263274608976 0.12952957850087 0.563629610732171 -0.0447993695634313 PC2 0.563629610732171
1 locus_15328.03 0.0441314322179499 0.0753261276989368 0.125609843073087 0.0530541631759411 PC2 0.125609843073087
1 locus_15370.03 0.12723803801451 -0.0707638818077937 0.673714406552667 -0.391343335126993 PC2 0.673714406552667
1 locus_16576.03 0.250005701128804 0.741261828156302 0.165968692639169 0.110213875979811 PC1 0.741261828156302
1 locus_16679.01 -0.109338128633813 -0.231128090622938 -0.0732457656405724 0.510198574515195 PC3 0.510198574515195
1 locus_17543.04 0.219100311519548 0.366198273911521 0.588821756757207 0.083481086199177 PC2 0.588821756757207
1 locus_17699.02 -0.257785052715492 -0.549382974031538 -0.411995066385799 0.260992489407936 PC1 0.549382974031538
1 locus_17772.04 0.286477403065173 0.54859739666422 0.661124331320213 0.113901049407956 PC2 0.661124331320213
1 locus_17827.01 -0.0893072126590489 -0.26317387373267 -0.113957512599641 -0.238649079210374 PC1 0.26317387373267
1 locus_17862.04 0.0583875591266468 0.0934166197265142 0.179265706656011 0.0825744678793815 PC2 0.179265706656011
1 locus_17887.04 0.252954784309348 0.408879007308368 0.721941502673406 0.173701193899086 PC2 0.721941502673406
1 locus_18687.02 -0.15003291738813 -0.494939933272983 0.032574096679063 0.137299811743774 PC1 0.494939933272983
1 locus_19932.01 -0.223275290971381 -0.615150968182133 -0.150961902031129 0.173533606743946 PC1 0.615150968182133
1 locus_20513.04 0.232911208691619 0.541501661682258 0.281057435180262 -0.312447382453393 PC1 0.541501661682258
1 locus_21155.02 -0.0520015958743138 -0.343139410598831 0.315619765242451 0.176950589463922 PC1 0.343139410598831
1 locus_21802.01 -0.223275290971381 -0.615150968182133 -0.150961902031129 0.173533606743946 PC1 0.615150968182133
1 locus_22015.03 0.265614595635689 0.581727024264274 0.385574768702399 -0.323409176957772 PC1 0.581727024264274
1 locus_22130.04 0.171802115204083 0.416948281376671 0.143650717069797 -0.368299865635552 PC1 0.416948281376671
1 locus_22195.02 -0.286024073570138 -0.79458370602028 -0.170504724093397 0.270308154030977 PC1 0.79458370602028
1 locus_22287.04 0.218790282286722 0.462229878262286 0.379775136745201 -0.130814930671853 PC1 0.462229878262286
1 locus_22402.03 0.0677321768505958 0.252569885477777 -0.0750762121508202 -0.117238616301231 PC1 0.252569885477777
1 locus_22869.04 0.223607843629575 0.429551820372172 0.461971440018281 -0.109697551846185 PC2 0.461971440018281
1 locus_23680.03 0.267793672286779 0.45182730194084 0.661922632398761 -0.0932430640021224 PC2 0.661922632398761
1 locus_23869.03 0.132725137470871 0.367022585499588 0.167208380627948 0.201196278658313 PC1 0.367022585499588
1 locus_23911.02 -0.223275290971381 -0.615150968182133 -0.150961902031129 0.173533606743946 PC1 0.615150968182133
1 locus_23975.03 0.140391525227567 0.499151265328062 0.00155046533220925 0.211104895459277 PC1 0.499151265328062
1 locus_24044.04 0.18153368137382 0.226592472403918 0.57965903174775 -0.0428677722283076 PC2 0.57965903174775
1 locus_24134.02 0.111127719513172 0.405149781468761 -0.0746977215759548 -0.0626757461693394 PC1 0.405149781468761
1 locus_24944.03 0.163803441102777 0.352331951325123 0.292365254137144 -0.0294124887473976 PC1 0.352331951325123
1 locus_26017.01 -0.145743227654036 -0.308186368039601 -0.179821908146685 0.365190649686013 PC3 0.365190649686013
1 locus_26600.04 0.139430250921157 0.36568984559617 0.177435285918378 0.0983685845840825 PC1 0.36568984559617
1 locus_27408.04 0.2760599202291 0.644753944311755 0.418883257114137 -0.0247258430490504 PC1 0.644753944311755
1 locus_28113.02 0.111127719513172 0.405149781468761 -0.0746977215759548 -0.0626757461693394 PC1 0.405149781468761
1 locus_28772.04 0.0353120809920281 0.0545162306870563 0.111331188097301 0.0491394984111494 PC2 0.111331188097301
1 locus_29887.02 -0.25621346461313 -0.678725782023197 -0.166787742516188 0.38757334220343 PC1 0.678725782023197
1 locus_31264.02 0.263322114111157 0.707623606940262 0.189018415464086 -0.270337885578304 PC1 0.707623606940262
1 locus_32016.03 0.145439326552898 0.404638338525787 0.0793993335987356 -0.161724160436202 PC1 0.404638338525787
1 locus_33590.01 -0.223410233390336 -0.522478765085317 -0.360853869204024 -0.0677408729016211 PC1 0.522478765085317
1 locus_34249.04 0.300044963753379 0.628186844305748 0.585620322299976 0.0339972885477301 PC1 0.628186844305748
1 locus_37927.03 -0.306018839771813 -0.639008064591312 -0.485087977171104 0.404482262686358 PC1 0.639008064591312
1 locus_38170.02 -0.160524467336831 -0.404844044871497 -0.183848119020904 0.0623447035468279 PC1 0.404844044871497
1 locus_39277.04 0.25621346461313 0.678725782023197 0.166787742516188 -0.38757334220343 PC1 0.678725782023197
1 locus_39499.02 -0.188385339593473 -0.477955499577375 -0.20969043543544 0.0792070743767257 PC1 0.477955499577375
1 locus_40608.03 0.192579388626229 0.532790021826678 0.210307195186353 0.169925950778006 PC1 0.532790021826678
1 locus_43636.01 0.142811698440971 0.539060618623986 -0.14946092648685 -0.174091321892419 PC1 0.539060618623986
1 locus_44038.03 -0.0344387920467739 -0.182617558310021 0.0131925032633342 -0.362594307348518 PC3 0.362594307348518
1 locus_44377.01 -0.189644033176518 -0.455606220509829 -0.221201385533435 0.19504374021331 PC1 0.455606220509829
1 locus_44793.02 -0.201837667996607 -0.397561244818328 -0.431142245304307 -0.0143329731138077 PC2 0.431142245304307
1 locus_45147.02 -0.243629043121692 -0.512042858236594 -0.466105901336495 -0.00352872029939239 PC1 0.512042858236594
1 locus_45451.04 0.146857846517054 0.344544894843794 0.273657874279943 0.190515920047699 PC1 0.344544894843794
1 locus_46261.04 0.0486912242717573 0.143503689648056 0.112405269189161 0.322462593765441 PC3 0.322462593765441
1 locus_46389.03 0.0960630695767614 0.332104391083644 0.0743199311737496 0.367668117345403 PC3 0.367668117345403
1 locus_46841.03 0.141984234760264 0.476414687129876 -0.0465252779287677 -0.141581049039112 PC1 0.476414687129876
1 locus_46905.03 0.252954784309348 0.408879007308368 0.721941502673406 0.173701193899086 PC2 0.721941502673406
1 locus_47126.01 -0.252954784309348 -0.408879007308368 -0.721941502673406 -0.173701193899086 PC2 0.721941502673406
1 locus_47197.03 -0.0713822689723278 -0.278609206345714 0.119356431492033 0.20248792716314 PC1 0.278609206345714
1 locus_47201.03 0.158405596544057 0.335054485704045 0.359409149454151 0.230595826105693 PC2 0.359409149454151
1 locus_47205.04 0.0486912242717573 0.143503689648056 0.112405269189161 0.322462593765441 PC3 0.322462593765441
1 locus_47379.04 0.202083679585533 0.646273501259062 0.00807697643848351 -0.10909977073113 PC1 0.646273501259062
1 locus_47737.04 0.284767167841697 0.521090837566698 0.680902114652446 0.0578766233933609 PC2 0.680902114652446
1 locus_47901.01 -0.252954784309348 -0.408879007308368 -0.721941502673406 -0.173701193899086 PC2 0.721941502673406
1 locus_48481.02 0.258975993709856 0.75932473658955 0.186010347965156 0.116592385096172 PC1 0.75932473658955
1 locus_48495.02 -0.0353120809920281 -0.0545162306870563 -0.111331188097301 -0.0491394984111495 PC2 0.111331188097301
1 locus_48516.02 0.15003291738813 0.494939933272983 -0.032574096679063 -0.137299811743774 PC1 0.494939933272983
1 locus_48656.03 0.145737732718096 0.33490815624032 0.34614236492431 0.431958912668452 PC3 0.431958912668452
1 locus_48796.02 0.290023541063349 0.71592625671905 0.342194364919229 -0.167805901158423 PC1 0.71592625671905
1 locus_48818.02 -0.109304647308704 -0.375723751103052 -0.0710509053493471 -0.353663874469718 PC1 0.375723751103052
1 locus_49167.01 -0.271139109316431 -0.756582719937722 -0.224366373709957 -0.00383370943242925 PC1 0.756582719937722
1 locus_49231.04 0.272380340050717 0.578609273597437 0.560874891460678 0.192991199855258 PC1 0.578609273597437
1 locus_49282.03 -0.21588836075292 -0.405139219797216 -0.504108236656781 -0.0584259951976367 PC2 0.504108236656781
1 locus_49349.02 -0.114226980544912 -0.380237139151884 -0.0989285216746232 -0.38916871454674 PC3 0.38916871454674
1 locus_49521.03 -0.239922808804418 -0.665597896316783 -0.182550727938593 0.0811110681663271 PC1 0.665597896316783
1 locus_49668.04 0.247566935636482 0.373212033784239 0.667389098385322 -0.142291112450071 PC2 0.667389098385322
1 locus_49753.02 0.247967983182489 0.772388224385244 0.029130858296769 -0.184704753471323 PC1 0.772388224385244
1 locus_49976.01 -0.263196951353709 -0.403461920930423 -0.73299831620795 0.0212066046517812 PC2 0.73299831620795
1 locus_50003.03 0.187817539872501 0.430532111258822 0.243135504337153 -0.225839039537591 PC1 0.430532111258822
1 locus_50059.04 -0.147792010706478 -0.51806110495459 0.0847254077992749 0.152594344526751 PC1 0.51806110495459
1 locus_50088.04 0.0828971445699783 0.23768308746205 0.139389886602093 0.310251408076928 PC3 0.310251408076928
1 locus_50590.03 0.299152060425853 0.653662348810278 0.463478131334262 -0.261652710357122 PC1 0.653662348810278
1 locus_50660.01 -0.092305959862799 -0.190127311231112 -0.0440603709461106 0.528810597928958 PC3 0.528810597928958
1 locus_51328.03 0.119184379639157 0.211474816479514 0.175318740016118 -0.434989305902774 PC3 0.434989305902774
1 locus_51474.03 0.19700785276241 0.339918794718026 0.46811420926334 -0.0952996283422891 PC2 0.46811420926334
1 locus_52534.04 0.316420453487438 0.623489985577712 0.663047885430653 -0.0252649803269406 PC2 0.663047885430653
1 locus_52895.02 -0.0980467200820434 -0.319013110637155 0.0316868025310703 0.156198910968384 PC1 0.319013110637155
1 locus_53317.04 0.202281207140472 0.35594974328391 0.407665164234908 -0.335118550729959 PC2 0.407665164234908
1 locus_56623.01 -0.232911208691619 -0.541501661682258 -0.281057435180262 0.312447382453393 PC1 0.541501661682258
1 locus_56831.03 0.232911208691619 0.541501661682258 0.281057435180262 -0.312447382453393 PC1 0.541501661682258
1 locus_57647.03 0.197389752720547 0.440680308490041 0.347570137329371 0.0435088947436552 PC1 0.440680308490041
1 locus_57736.04 0.26168103159718 0.576799240905329 0.482084825738473 0.0944698149095609 PC1 0.576799240905329
1 locus_58343.02 -0.233688546859692 -0.498131062994804 -0.390179776760525 0.172141351706748 PC1 0.498131062994804
1 locus_58535.02 -0.258050082967077 -0.497851525640241 -0.455603085486174 0.41015764671728 PC1 0.497851525640241
1 locus_58614.03 0.232020544284346 0.543524355896171 0.365195007220054 0.0392521576100138 PC1 0.543524355896171
1 locus_58758.01 -0.0537495652310425 -0.169139334680619 -0.0929869237953827 -0.301723211405812 PC3 0.301723211405812
1 locus_59169.04 0.232911208691619 0.541501661682258 0.281057435180262 -0.312447382453393 PC1 0.541501661682258
1 locus_59189.02 -0.25621346461313 -0.678725782023197 -0.166787742516188 0.38757334220343 PC1 0.678725782023197
1 locus_59251.04 0.223010793284078 0.51739470013751 0.395998574051506 0.179456627853367 PC1 0.51739470013751
1 locus_59285.02 -0.293211356170199 -0.408475710855139 -0.831070939803823 0.215359611284587 PC2 0.831070939803823
1 locus_59720.03 0.0364948038915211 0.180590187081938 -0.121885529584166 -0.106298991417695 PC1 0.180590187081938
1 locus_60025.03 0.132917416476701 0.304020928360805 0.226646444286167 0.0448745069593987 PC1 0.304020928360805
1 locus_60187.01 -0.239922808804418 -0.665597896316783 -0.182550727938593 0.0811110681663271 PC1 0.665597896316783
1 locus_60318.04 0.133258513749317 0.12298146997325 0.506731129460513 0.0177757371428332 PC2 0.506731129460513
1 locus_60416.03 0.301229020702616 0.58794393243101 0.677864978522297 0.120498140434348 PC2 0.677864978522297
1 locus_60441.02 -0.191111577245582 -0.310131109477132 -0.557984623581331 -0.186536619055748 PC2 0.557984623581331
1 locus_60521.03 0.166806819454597 0.555894149851511 -0.0493082684199546 -0.168840815971054 PC1 0.555894149851511
1 locus_60660.01 -0.30821687883276 -0.612654922537763 -0.638865134182263 0.0192215155555073 PC2 0.638865134182263
1 locus_61934.01 -0.0980467200820434 -0.319013110637155 0.0316868025310703 0.156198910968384 PC1 0.319013110637155
1 locus_62017.01 -0.223275290971381 -0.615150968182133 -0.150961902031129 0.173533606743946 PC1 0.615150968182133
1 locus_62042.01 -0.265614595635689 -0.581727024264274 -0.385574768702399 0.323409176957772 PC1 0.581727024264274
1 locus_62107.03 0.189644033176518 0.455606220509829 0.221201385533435 -0.19504374021331 PC1 0.455606220509829
1 locus_62702.02 -0.223275290971381 -0.615150968182133 -0.150961902031129 0.173533606743946 PC1 0.615150968182133
1 locus_62784.02 -0.251515933783197 -0.405562332555358 -0.666385689868792 0.0299888684290255 PC2 0.666385689868792
1 locus_63026.02 0.0553173310839638 0.140146779618288 0.0987688150981537 0.117763968682677 PC1 0.140146779618288
1 locus_63540.01 -0.224577757318223 -0.392105695506242 -0.517859468517283 0.141080580249165 PC2 0.517859468517283
1 locus_63627.03 0.123581492818221 0.28102640121385 0.177624749134189 -0.0947413877901691 PC1 0.28102640121385
1 locus_63708.01 -0.223275290971381 -0.615150968182133 -0.150961902031129 0.173533606743946 PC1 0.615150968182133
1 locus_63791.02 -0.254701898405671 -0.533033284841816 -0.482112777920122 0.0298620373941087 PC1 0.533033284841816
1 locus_63814.03 0.0440681058813398 0.240533385537576 -0.176314756873123 -0.104336960278818 PC1 0.240533385537576
1 locus_63859.04 0.159769378609395 0.391302043507271 0.206002592081171 -0.0441804381657442 PC1 0.391302043507271
1 locus_64065.03 -0.139682333050318 -0.464037704074085 0.0545798105255539 0.201016526592073 PC1 0.464037704074085
1 locus_64240.03 0.0870085888967395 0.31619732553692 -0.0379112130681684 0.0234562918380054 PC1 0.31619732553692
1 locus_64281.03 0.0950374256932302 0.259872394808333 0.105167053000063 0.0707052101589674 PC1 0.259872394808333
1 locus_64400.02 -0.214293729699856 -0.419821520616101 -0.391494426542547 0.251835279810556 PC1 0.419821520616101
1 locus_64564.02 -0.233688546859692 -0.498131062994804 -0.390179776760525 0.172141351706748 PC1 0.498131062994804
1 locus_65010.02 -0.223275290971381 -0.615150968182133 -0.150961902031129 0.173533606743946 PC1 0.615150968182133
1 locus_65026.03 -0.223275290971381 -0.615150968182133 -0.150961902031129 0.173533606743946 PC1 0.615150968182133
1 locus_65981.04 0.248240816980432 0.653512556566019 0.210306438954437 -0.213936089455153 PC1 0.653512556566019
1 locus_67637.04 0.223275290971381 0.615150968182133 0.150961902031129 -0.173533606743946 PC1 0.615150968182133
1 locus_67991.01 -0.225028569142143 -0.514818739946017 -0.248895217136769 0.438851305694481 PC1 0.514818739946017
1 locus_68149.02 0.223275290971381 0.615150968182133 0.150961902031129 -0.173533606743946 PC1 0.615150968182133
1 locus_68488.03 0.223275290971381 0.615150968182133 0.150961902031129 -0.173533606743946 PC1 0.615150968182133
1 locus_68672.04 0.127711556976677 0.220421724530614 0.362936448074509 0.166057798740858 PC2 0.362936448074509
1 locus_68677.04 0.273817182198797 0.719693995669788 0.222026406856065 -0.280950150741812 PC1 0.719693995669788
1 locus_69288.01 -0.223275290971381 -0.615150968182133 -0.150961902031129 0.173533606743946 PC1 0.615150968182133
1 locus_69355.02 -0.189644033176518 -0.455606220509829 -0.221201385533435 0.19504374021331 PC1 0.455606220509829
1 locus_69443.02 -0.231033843218131 -0.529258725429545 -0.290145775154237 0.314002706690328 PC1 0.529258725429545
1 locus_70113.04 0.223275290971381 0.615150968182133 0.150961902031129 -0.173533606743946 PC1 0.615150968182133
1 locus_70139.04 0.265151635808539 0.440348070550956 0.738050547481447 0.181417784949573 PC2 0.738050547481447
1 locus_70343.03 0.179196298291343 0.375496723529835 0.363911843134172 0.0764037287676093 PC1 0.375496723529835
1 locus_70498.02 -0.268253970673634 -0.755416097648952 -0.219068201496606 -0.0341581987050329 PC1 0.755416097648952
1 locus_70547.01 -0.111537590166273 -0.466303960533815 0.20077786074877 0.184337413394893 PC1 0.466303960533815
1 locus_70855.04 0.254368194333887 0.639687427673127 0.268226561804192 -0.19816067009556 PC1 0.639687427673127
1 locus_71122.03 -0.265614595635689 -0.581727024264274 -0.385574768702399 0.323409176957772 PC1 0.581727024264274
1 locus_71152.02 -0.267810566676973 -0.779906283600085 -0.188128277559814 -0.072327084612088 PC1 0.779906283600085
1 locus_71154.04 0.127229411522282 0.0920464239823423 0.516932646457717 -0.00928532336237935 PC2 0.516932646457717
1 locus_71496.04 0.0337528924759423 0.147408886296511 -0.0583682831226629 -0.0086783291811795 PC1 0.147408886296511
1 locus_71822.02 -0.223275290971381 -0.615150968182133 -0.150961902031129 0.173533606743946 PC1 0.615150968182133
1 locus_71897.04 -0.266466433731004 -0.572828998512142 -0.403276963743136 0.32636649443048 PC1 0.572828998512142
1 locus_72029.01 -0.0980467200820434 -0.319013110637155 0.0316868025310703 0.156198910968384 PC1 0.319013110637155
1 locus_72438.03 0.239922808804418 0.665597896316783 0.182550727938593 -0.0811110681663271 PC1 0.665597896316783
1 locus_72632.04 0.259066850266569 0.665455018043752 0.194990176070133 -0.416708548260826 PC1 0.665455018043752
1 locus_72936.02 -0.259941808418842 -0.392212641699145 -0.686971612768466 0.200004612827808 PC2 0.686971612768466
1 locus_74005.01 -0.25621346461313 -0.678725782023197 -0.166787742516188 0.38757334220343 PC1 0.678725782023197
1 locus_74064.02 -0.223275290971381 -0.615150968182133 -0.150961902031129 0.173533606743946 PC1 0.615150968182133
1 locus_74088.04 0.170857125049848 0.158715908989551 0.641390859162016 -0.00275564697038876 PC2 0.641390859162016
1 locus_75005.04 0.127357617498617 0.288714507526018 0.209925041615106 -0.000299451206736999 PC1 0.288714507526018
1 locus_75450.03 0.0980467200820434 0.319013110637155 -0.0316868025310703 -0.156198910968384 PC1 0.319013110637155
1 locus_75725.03 0.259066850266569 0.665455018043752 0.194990176070133 -0.416708548260826 PC1 0.665455018043752
1 locus_75948.02 -0.223275290971381 -0.615150968182133 -0.150961902031129 0.173533606743946 PC1 0.615150968182133
1 locus_76049.03 0.197389752720547 0.440680308490041 0.347570137329371 0.0435088947436552 PC1 0.440680308490041
1 locus_76080.04 0.200571119934673 0.43775381141975 0.372921946758359 0.0592765624467859 PC1 0.43775381141975
1 locus_76405.03 0.188078695291316 0.421636008902077 0.184582878685986 -0.508568232370179 PC3 0.508568232370179
1 locus_76606.01 -0.189644033176518 -0.455606220509829 -0.221201385533435 0.19504374021331 PC1 0.455606220509829
1 locus_76664.04 0.263322114111157 0.707623606940262 0.189018415464086 -0.270337885578304 PC1 0.707623606940262
1 locus_76729.01 -0.0793442280481159 -0.208293911368717 -0.113553057516833 -0.105258106230423 PC1 0.208293911368717
1 locus_76907.03 0.0505515049124709 0.259810781203296 -0.142129215429488 0.01310745799492 PC1 0.259810781203296
1 locus_77559.01 0.127895119069116 0.436764233469496 -0.0847803357696219 -0.245505767402287 PC1 0.436764233469496
1 locus_77791.04 0.295687761911337 0.516159487746296 0.663307792260038 -0.257206024938564 PC2 0.663307792260038
1 locus_77906.01 -0.197389752720547 -0.440680308490041 -0.347570137329371 -0.0435088947436552 PC1 0.440680308490041
1 locus_78484.04 0.118431661260073 0.397869236081197 0.0851620740195635 0.358844758317959 PC1 0.397869236081197
1 locus_78601.01 -0.100744137570614 -0.2484543774128 -0.142929681372551 -0.0323134882161772 PC1 0.2484543774128
1 locus_78602.01 0.153159545157624 0.562782161697752 -0.109340726095698 -0.0843380759104798 PC1 0.562782161697752
1 locus_78804.02 0.202148619461623 0.573675504356594 0.110974147255637 -0.154546253627972 PC1 0.573675504356594
1 locus_79085.01 -0.25960745357481 -0.738368833964344 -0.131866663474673 0.229366465942977 PC1 0.738368833964344
1 locus_79133.01 -0.182652167980017 -0.505696541859914 -0.166514417511488 -0.0374047080667999 PC1 0.505696541859914
1 locus_79175.02 0.157904302799686 0.532918085798369 -0.0494916477201271 -0.130255013017138 PC1 0.532918085798369
1 locus_79229.02 -0.287660047902089 -0.488670685869904 -0.689812316146227 0.161243630938345 PC2 0.689812316146227
1 locus_79290.02 -0.0353120809920281 -0.0545162306870563 -0.111331188097301 -0.0491394984111495 PC2 0.111331188097301
1 locus_79329.02 -0.257019182735838 -0.687690802039256 -0.223422965850667 0.133065584243582 PC1 0.687690802039256
1 locus_79662.03 -0.084852265482665 -0.17131162858846 -0.166754762573552 0.0242259828732005 PC1 0.17131162858846
1 locus_79828.02 -0.233666161012362 -0.558686340914344 -0.440131306680852 -0.384319821138271 PC1 0.558686340914344
1 locus_79992.03 0.210884598657353 0.379178330806348 0.424158715749538 -0.303842758535874 PC2 0.424158715749538
1 locus_80071.01 -0.288718125542614 -0.528009308696964 -0.649479920705523 0.0994707348377345 PC2 0.649479920705523
1 locus_80227.01 -0.252954784309348 -0.408879007308368 -0.721941502673406 -0.173701193899086 PC2 0.721941502673406
1 locus_80339.04 0.239922808804418 0.665597896316783 0.182550727938593 -0.0811110681663271 PC1 0.665597896316783
1 locus_80388.03 0.141984234760264 0.476414687129876 -0.0465252779287677 -0.141581049039112 PC1 0.476414687129876
1 locus_80507.04 0.24302396386818 0.460275602707869 0.613316166288917 0.26646696204632 PC2 0.613316166288917
1 locus_80555.02 -0.0391724822128309 -0.160090048603548 0.0636543260382609 0.0606797647590013 PC1 0.160090048603548
1 locus_80580.01 -0.29318468084757 -0.574922453420045 -0.483519129469427 0.540478315857114 PC1 0.574922453420045
1 locus_80616.02 0.258975993709856 0.75932473658955 0.186010347965156 0.116592385096172 PC1 0.75932473658955
1 locus_80641.03 0.286477403065173 0.54859739666422 0.661124331320213 0.113901049407956 PC2 0.661124331320213
1 locus_80654.02 0.116280855309666 0.457163743435277 -0.123393120415655 -0.0382543552846459 PC1 0.457163743435277
1 locus_80873.03 -0.282013354358356 -0.494413535144903 -0.732796040725658 -0.150494787240502 PC2 0.732796040725658
1 locus_80954.02 -0.263507399432063 -0.453029204911264 -0.664844511904335 -0.0107700005758559 PC2 0.664844511904335
1 locus_80974.01 -0.314345479970115 -0.615818586695536 -0.670031561337632 0.00336574644851378 PC2 0.670031561337632
1 locus_81024.04 -0.163601309453557 -0.531556566721255 0.0390820650061598 0.212426035766414 PC1 0.531556566721255
1 locus_81030.02 -0.246943766930181 -0.677109308001868 -0.228794987109776 -0.0248965300108455 PC1 0.677109308001868
1 locus_81061.01 -0.263507399432063 -0.453029204911264 -0.664844511904335 -0.0107700005758559 PC2 0.664844511904335
1 locus_81138.03 0.267793672286779 0.45182730194084 0.661922632398761 -0.0932430640021224 PC2 0.661922632398761
1 locus_81213.04 0.0626455799237659 0.19042583709125 0.107189302914926 0.306688124829518 PC3 0.306688124829518
1 locus_81251.02 -0.30130746561382 -0.590627765408561 -0.590660463817023 0.198339035913402 PC2 0.590660463817023
1 locus_81509.04 0.108748105361838 0.248487816072385 0.245231941553325 0.263855982713635 PC3 0.263855982713635
1 locus_81873.04 0.223275290971381 0.615150968182133 0.150961902031129 -0.173533606743946 PC1 0.615150968182133
1 locus_82124.02 -0.232911208691619 -0.541501661682258 -0.281057435180262 0.312447382453393 PC1 0.541501661682258
1 locus_82435.02 -0.0397272562310273 -0.135871262873802 -0.0888255769705957 -0.365301553507007 PC3 0.365301553507007
1 locus_82770.02 -0.226436095614452 -0.614566004710729 -0.171726423186486 0.160781767940058 PC1 0.614566004710729
1 locus_82829.01 -0.176074973272208 -0.375916951603581 -0.222974958266736 0.397638376777618 PC3 0.397638376777618
1 locus_82880.01 0.0363968721517941 0.260175038742411 -0.177918202211302 0.161119391801845 PC1 0.260175038742411
1 locus_82973.03 0.252954784309348 0.408879007308368 0.721941502673406 0.173701193899086 PC2 0.721941502673406
1 locus_83177.04 0.199608440028463 0.455338816408215 0.273688956135193 -0.194942952726823 PC1 0.455338816408215
1 locus_83862.01 -0.0537495652310425 -0.169139334680619 -0.0929869237953827 -0.301723211405812 PC3 0.301723211405812
1 locus_84082.03 0.301229020702616 0.58794393243101 0.677864978522297 0.120498140434348 PC2 0.677864978522297
1 locus_84282.02 -0.0500133233154186 -0.227496394194722 0.10166534349579 0.0162045604660402 PC1 0.227496394194722
1 locus_84670.02 -0.0380469430960115 -0.243911809183977 0.297299850271007 0.426348161214406 PC3 0.426348161214406
1 locus_85146.04 0.25621346461313 0.678725782023197 0.166787742516188 -0.38757334220343 PC1 0.678725782023197
1 locus_87036.01 -0.252954784309348 -0.408879007308368 -0.721941502673406 -0.173701193899086 PC2 0.721941502673406
1 locus_87440.02 -0.246332554204701 -0.50570242544286 -0.490930440367444 -0.0062445526662186 PC1 0.50570242544286
1 locus_87495.04 0.29653485758605 0.686135797979286 0.415116055667094 -0.198570436426568 PC1 0.686135797979286
1 locus_87647.02 -0.105441558786889 -0.41140361244452 0.0339301185049196 -0.24445700007654 PC1 0.41140361244452
1 locus_87698.04 0.298118145749622 0.840582990788637 0.197254473080667 -0.132267174335704 PC1 0.840582990788637
1 locus_87954.03 0.223275290971381 0.615150968182133 0.150961902031129 -0.173533606743946 PC1 0.615150968182133
1 locus_88560.01 0.131962254644142 0.628326209709035 -0.302847292604336 -0.0058709767714608 PC1 0.628326209709035
1 locus_88715.01 -0.0999017886404101 -0.208255817561104 -0.0565191020881111 0.523584188121002 PC3 0.523584188121002
1 locus_89197.04 0.286477403065173 0.54859739666422 0.661124331320213 0.113901049407956 PC2 0.661124331320213
1 locus_89230.02 0.202083679585533 0.646273501259062 0.00807697643848351 -0.10909977073113 PC1 0.646273501259062
1 locus_89272.01 0.213656298398888 0.506190355303896 0.265907712197307 -0.198708235601212 PC1 0.506190355303896
1 locus_89334.01 -0.0480078850723159 -0.181338923882747 0.0501032646961705 0.0572217309166867 PC1 0.181338923882747
1 locus_91010.02 -0.223275290971381 -0.615150968182133 -0.150961902031129 0.173533606743946 PC1 0.615150968182133
1 locus_91135.01 -0.237189742676139 -0.564200874118085 -0.39922924300802 -0.190795828987203 PC1 0.564200874118085
1 locus_91803.03 0.223275290971381 0.615150968182133 0.150961902031129 -0.173533606743946 PC1 0.615150968182133
1 locus_91847.03 0.223275290971381 0.615150968182133 0.150961902031129 -0.173533606743946 PC1 0.615150968182133
1 locus_92363.03 0.270190382062422 0.633035283960447 0.400292844448099 -0.0492348919031209 PC1 0.633035283960447
1 locus_92779.04 0.197389752720547 0.440680308490041 0.347570137329371 0.0435088947436552 PC1 0.440680308490041
1 locus_92920.04 0.286477403065173 0.54859739666422 0.661124331320213 0.113901049407956 PC2 0.661124331320213
1 locus_93270.02 -0.0884297309180987 -0.254855838565962 -0.109595060668916 -0.189352211560574 PC1 0.254855838565962
1 locus_93391.02 -0.100068358292005 -0.263530699612437 -0.0998509172448012 0.0280374355168253 PC1 0.263530699612437
1 locus_93411.03 0.223275290971381 0.615150968182133 0.150961902031129 -0.173533606743946 PC1 0.615150968182133
1 locus_93688.04 0.0717487577285327 0.190183616007239 0.0524489643655382 -0.0858733165543936 PC1 0.190183616007239
1 locus_93945.04 0.223275290971381 0.615150968182133 0.150961902031129 -0.173533606743946 PC1 0.615150968182133
1 locus_93994.03 0.25621346461313 0.678725782023197 0.166787742516188 -0.38757334220343 PC1 0.678725782023197
1 locus_94097.02 0.114949596926431 0.442762539461806 -0.134190610013097 -0.139763203717586 PC1 0.442762539461806
1 locus_95229.01 -0.177504136854179 -0.371718779817238 -0.178236387591585 0.622552971351297 PC3 0.622552971351297
1 locus_97187.03 0.175650841009292 0.393051022091367 0.195757492479603 -0.389961420735199 PC1 0.393051022091367
1 locus_99369.03 0.286477403065173 0.54859739666422 0.661124331320213 0.113901049407956 PC2 0.661124331320213
1 locus_99917.04 0.286477403065173 0.54859739666422 0.661124331320213 0.113901049407956 PC2 0.661124331320213
1 locus_100393.03 0.174283807908352 0.385599337923882 0.247500050565905 -0.209728484197287 PC1 0.385599337923882
1 locus_100727.03 0.271900551121526 0.584565244418957 0.430045216777522 -0.261786199625285 PC1 0.584565244418957
1 locus_100729.02 0.223275290971381 0.615150968182133 0.150961902031129 -0.173533606743946 PC1 0.615150968182133
1 locus_102400.02 -0.252954784309348 -0.408879007308368 -0.721941502673406 -0.173701193899086 PC2 0.721941502673406
1 locus_102593.01 -0.293662566799701 -0.8664202877654 -0.201109431599856 -0.127190734084014 PC1 0.8664202877654
1 locus_103006.04 0.0353120809920281 0.0545162306870562 0.111331188097301 0.0491394984111496 PC2 0.111331188097301
1 locus_104332.04 0.033979787417825 0.134370998249531 -0.0456797093192076 -0.0432805726050197 PC1 0.134370998249531
1 locus_105717.03 -0.301229020702616 -0.58794393243101 -0.677864978522297 -0.120498140434348 PC2 0.677864978522297
1 locus_106025.04 0.303079498901111 0.910992698321477 0.138476857603894 -0.0316828461350768 PC1 0.910992698321477
1 locus_106184.04 0.234189416205059 0.723186024157342 0.0501607671470893 -0.125715788318174 PC1 0.723186024157342
1 locus_106331.04 0.223275290971381 0.615150968182133 0.150961902031129 -0.173533606743946 PC1 0.615150968182133
1 locus_106537.03 -0.124417392754125 -0.124079992163318 -0.396774657605205 0.219493627227153 PC2 0.396774657605205
1 locus_106893.02 -0.225028569142143 -0.514818739946017 -0.248895217136769 0.438851305694481 PC1 0.514818739946017
1 locus_107674.02 0.223275290971381 0.615150968182133 0.150961902031129 -0.173533606743946 PC1 0.615150968182133
1 locus_108834.04 -0.187412809914866 -0.617512970656568 0.0154544694994885 0.0794658957102171 PC1 0.617512970656568
1 locus_108863.03 0.122857024486741 -0.0986106631353673 0.698485192123906 -0.37699179790895 PC2 0.698485192123906
1 locus_108928.01 -0.263322114111157 -0.707623606940262 -0.189018415464086 0.270337885578304 PC1 0.707623606940262
1 locus_108960.03 0.199027878317225 0.2024429931888 0.680418343746401 -0.152511122160425 PC2 0.680418343746401
1 locus_109015.02 -0.0862514249414683 -0.244003961831626 -0.0203867478754776 0.173670120215669 PC1 0.244003961831626
1 locus_109406.02 0.25621346461313 0.678725782023197 0.166787742516188 -0.38757334220343 PC1 0.678725782023197
1 locus_109739.03 0.223275290971381 0.615150968182133 0.150961902031129 -0.173533606743946 PC1 0.615150968182133
1 locus_110065.03 0.199183205499135 0.302441490256319 0.556023208347532 -0.0285027706475593 PC2 0.556023208347532
1 locus_110122.04 0.19659503953079 0.279152987521572 0.579973240697665 -0.0256161283795569 PC2 0.579973240697665
1 locus_110401.04 0.11504132866997 0.344865123962854 0.046285437814146 -0.0416011647449887 PC1 0.344865123962854
1 locus_110571.04 0.108770208380758 0.246951304959994 0.0361986732588032 -0.545137741118032 PC3 0.545137741118032
1 locus_110635.02 -0.235976871207999 -0.710417223349519 -0.126908904260185 -0.0550876307978914 PC1 0.710417223349519
1 locus_110943.02 -0.243374113044967 -0.533804557270528 -0.3762948422735 0.203621214693011 PC1 0.533804557270528
1 locus_111064.02 -0.0391724822128309 -0.160090048603548 0.0636543260382609 0.0606797647590013 PC1 0.160090048603548
1 locus_111169.01 0.126942509933805 0.46628980677146 -0.134763311610931 -0.23963197194933 PC1 0.46628980677146
1 locus_111235.04 0.141984234760264 0.476414687129876 -0.0465252779287677 -0.141581049039112 PC1 0.476414687129876
1 locus_111385.04 0.199747548983714 0.460638312365385 0.326910704132044 0.0377296862649797 PC1 0.460638312365385
1 locus_111428.04 0.132588602917498 0.315162614818657 0.172062386934255 -0.0901155782011619 PC1 0.315162614818657
1 locus_111879.03 0.250005701128804 0.741261828156302 0.165968692639169 0.110213875979811 PC1 0.741261828156302
1 locus_112244.01 -0.25621346461313 -0.678725782023197 -0.166787742516188 0.38757334220343 PC1 0.678725782023197
1 locus_112384.01 -0.223275290971381 -0.615150968182133 -0.150961902031129 0.173533606743946 PC1 0.615150968182133
1 locus_113031.04 0.223275290971381 0.615150968182133 0.150961902031129 -0.173533606743946 PC1 0.615150968182133
1 locus_113406.02 -0.223275290971381 -0.615150968182133 -0.150961902031129 0.173533606743946 PC1 0.615150968182133
1 locus_113733.03 0.202734157047155 0.516554565367444 0.240129705388975 -0.0166916424770472 PC1 0.516554565367444
1 locus_114107.02 -0.223275290971381 -0.615150968182133 -0.150961902031129 0.173533606743946 PC1 0.615150968182133
1 locus_114199.02 -0.237189742676139 -0.564200874118085 -0.39922924300802 -0.190795828987203 PC1 0.564200874118085
1 locus_114470.01 -0.223275290971381 -0.615150968182133 -0.150961902031129 0.173533606743946 PC1 0.615150968182133
1 locus_114475.03 0.226149174773039 0.413518777017853 0.437350622764719 -0.351234259677535 PC2 0.437350622764719
1 locus_114561.02 -0.223275290971381 -0.615150968182133 -0.150961902031129 0.173533606743946 PC1 0.615150968182133
1 locus_114863.03 -0.141600016977229 -0.500225629996411 0.0496232137284189 0.00222764576866768 PC1 0.500225629996411
1 locus_115269.03 0.129275603769498 0.300639548804834 0.235503847850043 0.13108694022948 PC1 0.300639548804834
1 locus_115339.02 -0.297050076421537 -0.672975687263528 -0.474401556746461 0.0614922344515963 PC1 0.672975687263528
1 locus_115404.01 -0.033979787417825 -0.134370998249531 0.0456797093192076 0.0432805726050197 PC1 0.134370998249531
1 locus_115552.01 -0.295687761911337 -0.516159487746296 -0.663307792260038 0.257206024938564 PC2 0.663307792260038
1 locus_115961.02 0.10813407267323 0.406750249244804 -0.0918172109601422 -0.0587067930670482 PC1 0.406750249244804
1 locus_116141.02 0.186347938563896 0.590688325870321 -0.0249696556582762 -0.256276608584068 PC1 0.590688325870321
1 locus_116354.02 -0.116280855309666 -0.457163743435277 0.123393120415655 0.0382543552846459 PC1 0.457163743435277
1 locus_116530.03 0.120105842291521 0.288930840730775 0.189391797071105 0.0673066686615071 PC1 0.288930840730775
1 locus_117022.01 -0.281579640136684 -0.504790405226563 -0.676958938075324 -0.00819808967911487 PC2 0.676958938075324
1 locus_117130.01 -0.131565508771945 -0.0442914598809019 -0.628456793532609 -0.042709250512874 PC2 0.628456793532609
1 locus_117167.01 -0.122857024486741 0.0986106631353673 -0.698485192123906 0.37699179790895 PC2 0.698485192123906
1 locus_117619.03 0.286477403065173 0.54859739666422 0.661124331320213 0.113901049407956 PC2 0.661124331320213
1 locus_118291.03 0.243374113044967 0.533804557270528 0.3762948422735 -0.203621214693011 PC1 0.533804557270528
1 locus_118307.02 -0.142811698440971 -0.539060618623986 0.14946092648685 0.174091321892419 PC1 0.539060618623986
1 locus_118421.01 -0.162025613260261 -0.522171885078951 0.0163706438652233 0.150685539670132 PC1 0.522171885078951
1 locus_118445.04 0.316420453487438 0.623489985577712 0.663047885430653 -0.0252649803269406 PC2 0.663047885430653
1 locus_118888.02 -0.111127719513172 -0.405149781468761 0.0746977215759548 0.0626757461693394 PC1 0.405149781468761
1 locus_118897.02 -0.242413327811726 -0.499480975906137 -0.454546062672432 0.0921155542839583 PC1 0.499480975906137
1 locus_118978.03 0.0728258957774789 0.245169156538391 -0.0580793797915787 -0.198576998109215 PC1 0.245169156538391
1 locus_118987.02 -0.262078368743474 -0.541061513693819 -0.477692220071401 0.145679193821081 PC1 0.541061513693819
1 locus_119013.04 0.125534925918459 0.411660908892011 0.0406991372821768 0.130112062816536 PC1 0.411660908892011
1 locus_119069.04 0.256636860420583 0.644241335332864 0.236593306682693 -0.336973140352066 PC1 0.644241335332864
1 locus_119111.03 -0.175399488870757 -0.553608220291645 -0.118157373236519 -0.286133264842071 PC1 0.553608220291645
1 locus_119162.01 -0.0365363476157602 0.204594685631053 -0.629705450397758 -0.444968260863559 PC2 0.629705450397758
1 locus_119173.02 -0.124257884338861 -0.47019033340379 0.143721428821474 0.196762880665058 PC1 0.47019033340379
1 locus_119863.03 0.15003291738813 0.494939933272983 -0.032574096679063 -0.137299811743774 PC1 0.494939933272983
1 locus_120169.04 0.223275290971381 0.615150968182133 0.150961902031129 -0.173533606743946 PC1 0.615150968182133
1 locus_120569.03 0.141984234760264 0.476414687129876 -0.0465252779287677 -0.141581049039112 PC1 0.476414687129876
1 locus_121049.04 0.282708516273666 0.509004124925124 0.682283372398944 0.0314132690245705 PC2 0.682283372398944
1 locus_121206.04 0.23916042752127 0.492017142902447 0.410757240340506 -0.239583531314454 PC1 0.492017142902447
1 locus_121289.01 -0.109304647308704 -0.375723751103052 -0.0710509053493471 -0.353663874469718 PC1 0.375723751103052
1 locus_121569.01 -0.123476685583961 0.00383326937842165 -0.567171336822004 0.320183022258665 PC2 0.567171336822004
1 locus_121816.03 -0.0950027275033184 -0.225477848646829 -0.151343820845974 -0.040644756297813 PC1 0.225477848646829
1 locus_122015.01 -0.244177821795151 -0.27210075965383 -0.729628402810906 0.446097380763495 PC2 0.729628402810906
1 locus_122214.04 0.223275290971381 0.615150968182133 0.150961902031129 -0.173533606743946 PC1 0.615150968182133
1 locus_122455.01 -0.0971105990210151 -0.168733324240618 -0.319199163989962 -0.298345926219297 PC2 0.319199163989962
1 locus_123235.04 0.248483809262531 0.348344197699357 0.658548622207771 -0.34430168688789 PC2 0.658548622207771
1 locus_123282.03 0.160481256485 0.476710664956493 0.0392239854855428 -0.181294107450942 PC1 0.476710664956493
1 locus_123657.04 -0.0585073224289553 -0.343946803415088 0.298636226913098 0.237060729777963 PC1 0.343946803415088
1 locus_123752.03 0.156070374097973 0.441337077507159 0.141762532667834 0.0856485559742172 PC1 0.441337077507159
1 locus_123824.01 -0.297708199288835 -0.734690596321307 -0.328150240624871 0.261861000198646 PC1 0.734690596321307
1 locus_124106.04 0.198097776219765 0.413801453794748 0.428572217376765 0.177082418726882 PC2 0.428572217376765
1 locus_124472.04 0.157203225503187 0.509062340456887 -0.0287890975510932 -0.180889795561646 PC1 0.509062340456887
1 locus_125091.04 0.188294020473977 0.275348501944012 0.543697616294746 -0.0214882683771836 PC2 0.543697616294746
1 locus_125240.01 0.18508543540979 0.595319713801647 -0.0043369793771112 -0.124253736752462 PC1 0.595319713801647
1 locus_125430.03 0.204125766882552 0.527826659593691 0.207295768231984 -0.102085085714035 PC1 0.527826659593691
1 locus_126123.03 0.172298219818984 0.181398322302501 0.60261126311862 -0.0430934494177053 PC2 0.60261126311862
1 locus_126318.04 0.0441314322179498 0.0753261276989368 0.125609843073087 0.0530541631759411 PC2 0.125609843073087
1 locus_126493.04 0.263322114111157 0.707623606940262 0.189018415464086 -0.270337885578304 PC1 0.707623606940262
1 locus_126526.04 0.0980467200820433 0.319013110637155 -0.0316868025310703 -0.156198910968384 PC1 0.319013110637155
1 locus_126644.01 -0.0969597268335275 -0.201373806994567 -0.195351813378909 -0.024546350028623 PC1 0.201373806994567
1 locus_126670.03 0.286477403065173 0.54859739666422 0.661124331320213 0.113901049407956 PC2 0.661124331320213
1 locus_126679.01 -0.294108135101743 -0.776325425137993 -0.290395470922576 0.0833690673856666 PC1 0.776325425137993
1 locus_127468.02 -0.152892151927723 -0.10052956985075 -0.554839585438141 0.325682747488586 PC2 0.554839585438141
1 locus_127780.02 -0.239922808804418 -0.665597896316783 -0.182550727938593 0.0811110681663271 PC1 0.665597896316783
1 locus_127785.04 0.301229020702616 0.58794393243101 0.677864978522297 0.120498140434348 PC2 0.677864978522297
1 locus_127960.02 0.301229020702616 0.58794393243101 0.677864978522297 0.120498140434348 PC2 0.677864978522297
1 locus_128824.04 0.147792010706478 0.51806110495459 -0.0847254077992749 -0.152594344526751 PC1 0.51806110495459
1 locus_129393.02 -0.202670562030258 -0.251880685909668 -0.583521919440288 0.297764093598528 PC2 0.583521919440288
1 locus_129510.02 0.165012419305055 0.541171142364457 0.0729729501842996 0.245818905506996 PC1 0.541171142364457
1 locus_129877.02 0.279483210040267 0.484048235469548 0.737022411416486 0.154702263729142 PC2 0.737022411416486
1 locus_130044.03 0.15003291738813 0.494939933272983 -0.032574096679063 -0.137299811743774 PC1 0.494939933272983
1 locus_130247.02 -0.181434594456435 -0.170945882326025 -0.651406548548871 0.101968287476535 PC2 0.651406548548871
1 locus_130342.03 0.0238881157035834 0.0847664461945882 -0.00253220627353919 0.0242288856353234 PC1 0.0847664461945882
1 locus_131335.01 -0.301229020702616 -0.58794393243101 -0.677864978522297 -0.120498140434348 PC2 0.677864978522297
1 locus_131386.02 -0.306555969971728 -0.604790227301769 -0.648787826381056 -0.00448187090493253 PC2 0.648787826381056
1 locus_131670.01 -0.141984234760264 -0.476414687129876 0.0465252779287677 0.141581049039112 PC1 0.476414687129876
1 locus_131888.04 -0.0455669107849186 -0.305276748383779 0.293732451910044 0.192986655374795 PC1 0.305276748383779
1 locus_131916.01 -0.223275290971381 -0.615150968182133 -0.150961902031129 0.173533606743946 PC1 0.615150968182133
1 locus_132001.01 -0.119103306262947 0.0863616884235599 -0.667699347416208 0.345914586966212 PC2 0.667699347416208
1 locus_132299.04 -0.217093109533841 -0.720605303568601 0.0245630581627593 0.0855880036323256 PC1 0.720605303568601
1 locus_132389.01 -0.0360585384481958 -0.0686023617480195 -0.113260540783903 -0.126517965327185 PC3 0.126517965327185
1 locus_132403.01 -0.248240816980432 -0.653512556566019 -0.210306438954437 0.213936089455153 PC1 0.653512556566019
1 locus_133773.03 0.0640578372541115 0.155276244301584 0.15191680264018 0.237639474120152 PC3 0.237639474120152
1 locus_134259.03 0.284475561683 0.532567989340607 0.668732174709207 0.0863465311248829 PC2 0.668732174709207
1 locus_134590.01 -0.232911208691619 -0.541501661682258 -0.281057435180262 0.312447382453393 PC1 0.541501661682258
1 locus_135652.01 -0.0597305700521623 -0.191082629163925 0.0028539188212275 0.051918497014325 PC1 0.191082629163925
1 locus_137045.01 -0.301229020702616 -0.58794393243101 -0.677864978522297 -0.120498140434348 PC2 0.677864978522297
1 locus_137289.03 0.265258334767092 0.513376341143298 0.468721700907182 -0.410362589501396 PC1 0.513376341143298
1 locus_137414.02 -0.157026021777098 -0.52283812661013 -0.0594606358872831 -0.243130684302154 PC1 0.52283812661013
1 locus_137740.01 0.157026021777098 0.522838126610129 0.059460635887283 0.243130684302155 PC1 0.522838126610129
1 locus_137847.02 -0.209966010914681 -0.488103506222632 -0.394625736941468 -0.258148199072455 PC1 0.488103506222632
1 locus_138027.01 0.172087042376171 0.573353566133505 0.0550842212176927 0.230126100952677 PC1 0.573353566133505
1 locus_138413.02 -0.286477403065173 -0.54859739666422 -0.661124331320213 -0.113901049407956 PC2 0.661124331320213
1 locus_139385.03 -0.239815578779948 -0.735303723894917 -0.130638999461549 -0.142702169971094 PC1 0.735303723894917
1 locus_139444.03 0.260580434583484 0.925396767449296 -0.0732610598209049 0.0942040920730369 PC1 0.925396767449296
1 locus_139765.01 -0.152240631895927 -0.397944658384914 -0.168978586559278 -0.00463622658874203 PC1 0.397944658384914
1 locus_141521.01 -0.217575655609386 -0.293411734026726 -0.695994571260185 -0.0849909166606795 PC2 0.695994571260185
1 locus_141563.02 -0.25621346461313 -0.678725782023197 -0.166787742516188 0.38757334220343 PC1 0.678725782023197
1 locus_141821.02 -0.128333525224749 -0.287012459948254 -0.0709837895610958 0.561323985243316 PC3 0.561323985243316
1 locus_142064.03 -0.116280855309666 -0.457163743435277 0.123393120415655 0.0382543552846459 PC1 0.457163743435277
1 locus_142193.03 0.282458769521883 0.485441791860714 0.633920835992728 -0.290553367494941 PC2 0.633920835992728
1 locus_142959.01 -0.247288568969023 -0.607672851736641 -0.386412453118245 -0.202154889103888 PC1 0.607672851736641
1 locus_143198.03 -0.157233633492147 -0.523268203550761 0.0594698071216514 0.213182964762913 PC1 0.523268203550761
1 locus_143515.04 0.15142958004872 0.444381089791792 0.10882972103826 0.0707457725404636 PC1 0.444381089791792
1 locus_143903.04 0.269898076969183 0.698069306962916 0.21096123168596 -0.375345284961564 PC1 0.698069306962916
1 locus_144033.04 0.259345029352375 0.737820417596088 0.174881831191984 -0.0629524591659106 PC1 0.737820417596088
1 locus_144339.02 -0.0980467200820434 -0.319013110637155 0.0316868025310703 0.156198910968384 PC1 0.319013110637155
1 locus_144361.03 0.159769378609395 0.391302043507271 0.206002592081171 -0.0441804381657442 PC1 0.391302043507271
1 locus_144548.04 0.12756201312461 0.310115922533361 0.099389240095839 -0.298039904877655 PC1 0.310115922533361
1 locus_144771.02 -0.223275290971381 -0.615150968182133 -0.150961902031129 0.173533606743946 PC1 0.615150968182133
1 locus_144828.03 0.232911208691619 0.541501661682258 0.281057435180262 -0.312447382453393 PC1 0.541501661682258
1 locus_145185.03 -0.016882542786205 0.0541977960509835 -0.293913071269055 -0.460018877657817 PC3 0.460018877657817
1 locus_145480.02 -0.180892678056729 -0.337472318519102 -0.335872549180783 0.293889333629282 PC1 0.337472318519102
1 locus_145912.04 0.25261520741569 0.357220830654588 0.77238024549915 0.0619649679738729 PC2 0.77238024549915
1 locus_146305.02 -0.0827106563880755 -0.18923223851305 -0.116516289324328 0.0655369359127291 PC1 0.18923223851305
1 locus_146621.02 0.223275290971381 0.615150968182133 0.150961902031129 -0.173533606743946 PC1 0.615150968182133
1 locus_146630.01 -0.0800122747404732 -0.182240487829372 -0.110137047002018 0.0781880908655136 PC1 0.182240487829372
1 locus_146631.02 0.0425679049762136 0.297044493499664 -0.234094657939191 0.0453206657161191 PC1 0.297044493499664
1 locus_146829.01 -0.22019935917538 -0.551242844518859 -0.307065026135675 -0.0995688658894409 PC1 0.551242844518859
1 locus_147028.02 -0.0226592492859265 0.0674746187318305 -0.240087102308251 -0.0588132146604891 PC2 0.240087102308251
1 locus_147110.01 -0.219559050943411 -0.432846932336515 -0.518866363356475 -0.208569775411794 PC2 0.518866363356475
1 locus_147444.02 -0.286477403065173 -0.54859739666422 -0.661124331320213 -0.113901049407956 PC2 0.661124331320213
1 locus_147451.04 0.216084276315003 0.559521033994065 0.158894419191328 -0.334922262039608 PC1 0.559521033994065
1 locus_147596.02 -0.314345479970115 -0.615818586695536 -0.670031561337632 0.00336574644851378 PC2 0.670031561337632
1 locus_147702.01 -0.269898076969183 -0.698069306962916 -0.21096123168596 0.375345284961564 PC1 0.698069306962916
1 locus_147704.04 0.29644829991963 0.465161057462477 0.780961743987532 -0.129920427134799 PC2 0.780961743987532
1 locus_147917.01 -0.146615517180725 -0.476590692773772 0.044986140980835 0.227120372941883 PC1 0.476590692773772
1 locus_148480.02 -0.0828722416280476 -0.303930160716736 0.0804568790818481 0.130569241363762 PC1 0.303930160716736
1 locus_148670.04 0.220396995817131 0.508559573495397 0.316500423396749 -0.125583369729017 PC1 0.508559573495397
1 locus_148899.02 -0.159124585682985 -0.182955087823742 -0.416917987382941 0.480679952524638 PC3 0.480679952524638
1 locus_149375.01 -0.169730919887449 -0.537618489010355 -0.00881067296383938 0.115163243423511 PC1 0.537618489010355
1 locus_149636.03 0.204125766882552 0.527826659593691 0.207295768231984 -0.102085085714035 PC1 0.527826659593691
1 locus_149732.02 -0.206815062248978 -0.500141317525822 -0.266518770603186 0.0962160670514161 PC1 0.500141317525822
1 locus_149818.02 -0.0830128924550369 -0.223617945312983 -0.163543494821381 -0.315516119381167 PC3 0.315516119381167
1 locus_150014.01 -0.197389752720547 -0.440680308490041 -0.347570137329371 -0.0435088947436552 PC1 0.440680308490041
1 locus_150917.02 -0.149515010072138 -0.498604865013902 0.054236090004492 0.187696058269233 PC1 0.498604865013902
1 locus_151471.03 0.265614595635689 0.581727024264274 0.385574768702399 -0.323409176957772 PC1 0.581727024264274
1 locus_151492.04 0.180477728236584 0.39800097929637 0.325519016511131 0.0396594115190886 PC1 0.39800097929637
1 locus_152024.02 -0.157203225503187 -0.509062340456887 0.0287890975510932 0.180889795561646 PC1 0.509062340456887
1 locus_152376.03 -0.142811698440971 -0.539060618623986 0.14946092648685 0.174091321892419 PC1 0.539060618623986
1 locus_152420.02 -0.0884297309180987 -0.254855838565962 -0.109595060668916 -0.189352211560574 PC1 0.254855838565962
1 locus_152471.04 0.223275290971381 0.615150968182133 0.150961902031129 -0.173533606743946 PC1 0.615150968182133
1 locus_153021.03 -0.130564399266539 -0.489354668791706 0.0901898096589571 0.00249309756021431 PC1 0.489354668791706
1 locus_153095.04 0.238973035748346 0.548403485334713 0.457398783603885 0.282386911979766 PC1 0.548403485334713
1 locus_153119.03 -0.223275290971381 -0.615150968182133 -0.150961902031129 0.173533606743946 PC1 0.615150968182133
1 locus_153130.02 -0.25621346461313 -0.678725782023197 -0.166787742516188 0.38757334220343 PC1 0.678725782023197
1 locus_153394.01 -0.286024073570138 -0.79458370602028 -0.170504724093397 0.270308154030977 PC1 0.79458370602028
1 locus_153442.02 -0.0860142456233864 -0.212532600163423 -0.208226336519853 -0.359616132146231 PC3 0.359616132146231
1 locus_153825.01 -0.223275290971381 -0.615150968182133 -0.150961902031129 0.173533606743946 PC1 0.615150968182133
1 locus_153970.01 -0.223607843629575 -0.429551820372172 -0.461971440018281 0.109697551846185 PC2 0.461971440018281
1 locus_154242.01 -0.223275290971381 -0.615150968182133 -0.150961902031129 0.173533606743946 PC1 0.615150968182133
1 locus_154342.03 0.126780775426826 0.333079993411701 0.0857415269880784 -0.196202542909049 PC1 0.333079993411701
1 locus_154786.04 0.225028569142143 0.514818739946017 0.248895217136769 -0.438851305694481 PC1 0.514818739946017
1 locus_155050.03 0.227764514368853 0.482578775691123 0.477968993309572 0.188098632309387 PC1 0.482578775691123
1 locus_155588.01 -0.301229020702616 -0.58794393243101 -0.677864978522297 -0.120498140434348 PC2 0.677864978522297
1 locus_156010.04 0.321148814733863 0.765399341463399 0.379249579508347 -0.349468398047069 PC1 0.765399341463399
1 locus_156034.01 -0.189644033176518 -0.455606220509829 -0.221201385533435 0.19504374021331 PC1 0.455606220509829
1 locus_156183.03 0.223275290971381 0.615150968182133 0.150961902031129 -0.173533606743946 PC1 0.615150968182133
1 locus_156291.04 0.244501086378793 0.455082964958852 0.584725437837025 0.0963455343649104 PC2 0.584725437837025
1 locus_156295.01 -0.0695804176033569 -0.118258561096716 -0.168107741474214 0.0338682767656748 PC2 0.168107741474214
1 locus_156558.01 -0.0909946900848621 -0.234863744733087 -0.0977714882085921 0.0275870621054222 PC1 0.234863744733087
1 locus_156840.03 0.226436095614452 0.614566004710729 0.171726423186486 -0.160781767940058 PC1 0.614566004710729
1 locus_156951.02 -0.274542365931352 -0.523357949218539 -0.638621416547057 -0.114058106826089 PC2 0.638621416547057
1 locus_157051.01 -0.22513385866409 -0.603977450598708 -0.184878057060458 0.148313045478 PC1 0.603977450598708
1 locus_157173.04 0.245857901280881 0.388385895929466 0.664608442017855 -0.0273304270537719 PC2 0.664608442017855
1 locus_157294.01 -0.22477485582601 -0.469941819967665 -0.438835158524576 -0.0219909985789823 PC1 0.469941819967665
1 locus_157296.02 -0.16409000479061 -0.487591239854896 -0.140883430325181 -0.200945642060577 PC1 0.487591239854896
1 locus_157328.03 0.222203920923319 0.601866497460713 0.29075958733094 0.302337091368334 PC1 0.601866497460713
1 locus_157795.03 -0.12428262649977 -0.41149373273792 0.0443315157806308 0.171023361850084 PC1 0.41149373273792
1 locus_158281.03 0.286024073570138 0.79458370602028 0.170504724093397 -0.270308154030977 PC1 0.79458370602028
1 locus_158632.04 0.0487686713926194 0.192034006658114 -0.0669212437800174 -0.0722548776559894 PC1 0.192034006658114
1 locus_158690.01 -0.197267306607288 -0.294344402197699 -0.533669867193459 0.12452353617127 PC2 0.533669867193459
1 locus_158782.04 0.157203225503187 0.509062340456887 -0.0287890975510932 -0.180889795561646 PC1 0.509062340456887
1 locus_159079.01 -0.100412424358779 -0.290462637344753 -0.137562132221168 -0.271628828271251 PC1 0.290462637344753
1 locus_159231.04 0.197389752720547 0.440680308490041 0.347570137329371 0.0435088947436552 PC1 0.440680308490041
1 locus_159285.03 0.25621346461313 0.678725782023197 0.166787742516188 -0.38757334220343 PC1 0.678725782023197
1 locus_159702.02 0.0828722416280473 0.303930160716736 -0.0804568790818483 -0.130569241363762 PC1 0.303930160716736
1 locus_160362.02 -0.0945854144027226 -0.178412567031556 -0.194595262759886 0.0693367070477889 PC2 0.194595262759886
1 locus_161221.04 0.0980467200820434 0.319013110637155 -0.0316868025310703 -0.156198910968384 PC1 0.319013110637155
1 locus_162022.04 0.25621346461313 0.678725782023197 0.166787742516188 -0.38757334220343 PC1 0.678725782023197
1 locus_162112.04 0.252954784309348 0.408879007308368 0.721941502673406 0.173701193899086 PC2 0.721941502673406
1 locus_162698.01 -0.255941877675861 -0.46631801235702 -0.463052541607942 0.529648606164758 PC3 0.529648606164758
1 locus_162862.03 0.0726408127037245 0.156698476586907 0.125304150098426 -0.0269475577060422 PC1 0.156698476586907
1 locus_162943.03 0.315422342834824 0.613567232393228 0.672936296742652 -0.027334042362404 PC2 0.672936296742652
1 locus_164880.03 -0.129706384473656 -0.455998548728512 0.0449269927485986 0.0133474773911009 PC1 0.455998548728512
1 locus_164959.01 -0.223275290971381 -0.615150968182133 -0.150961902031129 0.173533606743946 PC1 0.615150968182133
1 locus_165532.04 0.223275290971381 0.615150968182133 0.150961902031129 -0.173533606743946 PC1 0.615150968182133
1 locus_165784.01 -0.141984234760264 -0.476414687129875 0.0465252779287678 0.141581049039112 PC1 0.476414687129875
1 locus_166732.01 -0.223275290971381 -0.615150968182133 -0.150961902031129 0.173533606743946 PC1 0.615150968182133
1 locus_166769.04 0.0300838057101177 0.0278241291834348 0.130918608625614 0.0675508710695912 PC2 0.130918608625614
1 locus_166865.03 0.0977888275721808 0.184801636219793 0.133474208258638 -0.328507867233718 PC3 0.328507867233718
1 locus_166886.04 0.223275290971381 0.615150968182133 0.150961902031129 -0.173533606743946 PC1 0.615150968182133
1 locus_167596.01 -0.0846901259947533 -0.19376241703594 -0.1496020553441 -0.0487519940119071 PC1 0.19376241703594
1 locus_167741.03 -0.288484155522023 -0.526625698983824 -0.639270641420217 0.142176182244232 PC2 0.639270641420217
1 locus_167750.01 -0.177069024372451 -0.353419139869323 -0.3624954753472 0.0196091395743755 PC2 0.3624954753472
1 locus_168197.01 -0.223275290971381 -0.615150968182133 -0.150961902031129 0.173533606743946 PC1 0.615150968182133
1 locus_168388.02 -0.301229020702616 -0.58794393243101 -0.677864978522297 -0.120498140434348 PC2 0.677864978522297
1 locus_168603.02 -0.180253032458439 -0.404927255850296 -0.323791287502414 -0.0792899876079921 PC1 0.404927255850296
1 locus_168728.01 -0.139041566974403 -0.503457733503936 0.0942109701235586 0.102146111997949 PC1 0.503457733503936
1 locus_168798.04 0.160777385361063 0.337525119994024 0.275426154381933 -0.123005663692196 PC1 0.337525119994024
1 locus_168844.03 0.320245196976291 0.739745737501582 0.434931883542591 -0.273141763027702 PC1 0.739745737501582
1 locus_168919.02 -0.210533040621394 -0.549013470690145 -0.204544449422421 0.112848247782441 PC1 0.549013470690145
1 locus_169010.01 -0.25621346461313 -0.678725782023197 -0.166787742516188 0.38757334220343 PC1 0.678725782023197
1 locus_169012.01 -0.0454370129001231 -0.0890416393569359 -0.118280136235528 -0.0816287685014624 PC2 0.118280136235528
1 locus_169145.02 0.111127719513172 0.405149781468761 -0.0746977215759548 -0.0626757461693394 PC1 0.405149781468761
1 locus_169161.02 -0.132071580697746 -0.30647454413818 -0.0664804224549219 0.53587916138768 PC3 0.53587916138768
1 locus_169211.03 0.223275290971381 0.615150968182133 0.150961902031129 -0.173533606743946 PC1 0.615150968182133
1 locus_169446.02 -0.214675086826259 -0.406550430703236 -0.412725188861674 0.25826459584083 PC2 0.412725188861674
1 locus_169627.04 0.210884598657353 0.379178330806348 0.424158715749538 -0.303842758535874 PC2 0.424158715749538
1 locus_169833.04 0.141161846189405 0.342915330989744 0.185157894367726 -0.0439606845231422 PC1 0.342915330989744
1 locus_169876.01 -0.252954784309348 -0.408879007308368 -0.721941502673406 -0.173701193899086 PC2 0.721941502673406
1 locus_169929.01 -0.0359227779769841 -0.233969442684369 0.16843326416192 -0.0488941767397333 PC1 0.233969442684369
1 locus_170318.04 0.144848576879025 0.174587821747844 0.421099418837686 -0.230038784784449 PC2 0.421099418837686
1 locus_170358.03 -0.223275290971381 -0.615150968182133 -0.150961902031129 0.173533606743946 PC1 0.615150968182133
1 locus_170623.03 0.286477403065173 0.54859739666422 0.661124331320213 0.113901049407956 PC2 0.661124331320213
1 locus_170682.01 -0.305060783041753 -0.769040901759497 -0.35777109819103 0.0883724538843681 PC1 0.769040901759497
1 locus_170687.02 -0.0999017886404101 -0.208255817561104 -0.0565191020881111 0.523584188121002 PC3 0.523584188121002
1 locus_170799.03 0.309591648503719 0.673452312800346 0.478569559304795 -0.293133818615831 PC1 0.673452312800346
1 locus_171035.01 -0.232911208691619 -0.541501661682258 -0.281057435180262 0.312447382453393 PC1 0.541501661682258
1 locus_171242.03 -0.273123929435183 -0.526041954302032 -0.634165901662951 -0.141525659961937 PC2 0.634165901662951
1 locus_171314.01 -0.223275290971381 -0.615150968182133 -0.150961902031129 0.173533606743946 PC1 0.615150968182133
1 locus_171413.04 0.223275290971381 0.615150968182133 0.150961902031129 -0.173533606743946 PC1 0.615150968182133
1 locus_171434.03 0.239922808804418 0.665597896316783 0.182550727938593 -0.0811110681663271 PC1 0.665597896316783
1 locus_171661.04 0.242268049097891 0.696949358423324 0.1979640380176 0.119970470573876 PC1 0.696949358423324
1 locus_171701.02 -0.0940451355698618 -0.265142888033038 -0.137960467480705 -0.247683967578549 PC1 0.265142888033038
1 locus_171756.04 0.248240816980432 0.653512556566019 0.210306438954437 -0.213936089455153 PC1 0.653512556566019
1 locus_172095.03 0.242169114290523 0.523661784615799 0.432096982652642 -0.027322448320724 PC1 0.523661784615799
1 locus_172199.02 -0.0980467200820434 -0.319013110637155 0.0316868025310703 0.156198910968384 PC1 0.319013110637155
1 locus_172258.02 0.304614624800487 0.746901833076421 0.390107471381161 -0.0892653948523989 PC1 0.746901833076421
1 locus_172454.04 0.263477337619618 0.429354422848751 0.66712267282078 -0.122624215807191 PC2 0.66712267282078
1 locus_172602.02 -0.239922808804418 -0.665597896316783 -0.182550727938593 0.0811110681663271 PC1 0.665597896316783
1 locus_172852.03 -0.175203379319401 -0.577495366847504 0.0216799522796819 0.100667492484387 PC1 0.577495366847504
1 locus_172888.01 -0.247426451527233 -0.518888055978389 -0.499654348858304 -0.0972374154782527 PC1 0.518888055978389
1 locus_172902.01 -0.252954784309348 -0.408879007308368 -0.721941502673406 -0.173701193899086 PC2 0.721941502673406
1 locus_173297.02 -0.169730919887449 -0.537618489010355 -0.00881067296383938 0.115163243423511 PC1 0.537618489010355
1 locus_173347.03 0.149228870781246 0.299806635505007 0.294214477767766 -0.0479005655506164 PC1 0.299806635505007
1 locus_173390.03 0.0957491849594862 0.239563979707792 0.153273173532576 0.118023223213849 PC1 0.239563979707792
1 locus_173470.02 -0.203526843051307 -0.588180957941153 -0.123025664450738 0.0485518116581738 PC1 0.588180957941153
1 locus_173607.01 -0.223275290971381 -0.615150968182133 -0.150961902031129 0.173533606743946 PC1 0.615150968182133
1 locus_173737.01 -0.277110382536455 -0.766394462993141 -0.219160105857449 0.0761758037452473 PC1 0.766394462993141
1 locus_173953.02 0.236774911017763 0.370641943903165 0.631660477604313 -0.0788862821125266 PC2 0.631660477604313
1 locus_174012.04 0.277982652873662 0.626663947183077 0.523467595194434 0.227739906988909 PC1 0.626663947183077
1 locus_174113.01 -0.159434179043693 -0.49105494123258 -0.0194664170696011 0.149468507115353 PC1 0.49105494123258
1 locus_174126.03 0.0628499472008163 0.237130001192818 -0.0484265620146235 -0.010907948908242 PC1 0.237130001192818
1 locus_174283.02 -0.301229020702616 -0.58794393243101 -0.677864978522297 -0.120498140434348 PC2 0.677864978522297
1 locus_174346.01 -0.282708516273666 -0.509004124925124 -0.682283372398944 -0.0314132690245705 PC2 0.682283372398944
1 locus_174354.04 0.176426462352497 0.141179610054627 0.658797060120746 -0.153121360023221 PC2 0.658797060120746
1 locus_174372.03 -0.15003291738813 -0.494939933272982 0.032574096679063 0.137299811743774 PC1 0.494939933272982
1 locus_174634.04 0.316420453487438 0.623489985577712 0.663047885430653 -0.0252649803269406 PC2 0.663047885430653
1 locus_174862.03 0.130004284019368 0.242318413202302 0.159283609754063 -0.526456830340456 PC3 0.526456830340456
1 locus_174875.02 -0.306555969971728 -0.604790227301769 -0.648787826381056 -0.00448187090493253 PC2 0.648787826381056
1 locus_174993.04 0.243624953232505 0.521814400127551 0.423615718473459 -0.0999609676394645 PC1 0.521814400127551
1 locus_175003.04 0.0980467200820434 0.319013110637155 -0.0316868025310703 -0.156198910968384 PC1 0.319013110637155
1 locus_175113.02 -0.0190659702821922 -0.247949971543169 0.26291020314004 -0.108535355743488 PC2 0.26291020314004
1 locus_175390.04 -0.187619014127663 -0.607153244518608 0.0151935073699038 0.145031721766658 PC1 0.607153244518608
1 locus_175483.02 -0.141984234760264 -0.476414687129875 0.0465252779287677 0.141581049039112 PC1 0.476414687129875
1 locus_175605.03 0.139288193057621 0.178491980207071 0.506229308575149 0.230049214931417 PC2 0.506229308575149
1 locus_176017.02 -0.223275290971381 -0.615150968182133 -0.150961902031129 0.173533606743946 PC1 0.615150968182133
1 locus_176143.03 0.0915512124122321 0.209718781481816 0.123982053694433 -0.0900456023327665 PC1 0.209718781481816
1 locus_176193.04 -0.138709727170895 -0.495918611644913 0.0980713023701594 0.155724234578766 PC1 0.495918611644913
1 locus_176444.02 -0.214506243408891 -0.66768966317682 -0.0317133877449721 0.137704212372675 PC1 0.66768966317682
1 locus_176628.03 0.243374113044967 0.533804557270528 0.3762948422735 -0.203621214693011 PC1 0.533804557270528
1 locus_176646.03 -0.176340387237355 -0.563695492841819 -0.0229273099386679 0.0359884834153994 PC1 0.563695492841819
1 locus_176666.04 0.189644033176518 0.455606220509829 0.221201385533435 -0.19504374021331 PC1 0.455606220509829
1 locus_176744.01 -0.223275290971381 -0.615150968182133 -0.150961902031129 0.173533606743946 PC1 0.615150968182133
1 locus_176863.02 -0.244200070865672 -0.705835613255819 -0.151086797039554 0.0442941625086495 PC1 0.705835613255819
1 locus_177208.01 -0.223275290971381 -0.615150968182133 -0.150961902031129 0.173533606743946 PC1 0.615150968182133
1 locus_177306.03 0.0728258957774789 0.245169156538391 -0.0580793797915787 -0.198576998109215 PC1 0.245169156538391
1 locus_177735.03 -0.302889351299725 -0.94400250753601 -0.0521807439185149 0.158885412409188 PC1 0.94400250753601
1 locus_178218.04 0.197389752720547 0.440680308490041 0.347570137329371 0.0435088947436552 PC1 0.440680308490041
1 locus_178496.04 0.138709727170895 0.495918611644913 -0.0980713023701594 -0.155724234578765 PC1 0.495918611644913
1 locus_178631.03 0.223275290971381 0.615150968182133 0.150961902031129 -0.173533606743946 PC1 0.615150968182133
1 locus_178751.01 -0.0950027275033184 -0.225477848646829 -0.151343820845974 -0.040644756297813 PC1 0.225477848646829
1 locus_178799.03 0.205654305269075 0.406602259534513 0.433592867287056 0.00198324651335305 PC2 0.433592867287056
1 locus_178842.04 0.263322114111157 0.707623606940262 0.189018415464086 -0.270337885578304 PC1 0.707623606940262
1 locus_179112.01 -0.155244750919569 -0.0252585918565961 -0.672410211193764 0.376817652896335 PC2 0.672410211193764
1 locus_179234.01 -0.258050082967077 -0.497851525640241 -0.455603085486174 0.41015764671728 PC1 0.497851525640241
1 locus_179248.04 0.286477403065173 0.54859739666422 0.661124331320213 0.113901049407956 PC2 0.661124331320213
1 locus_179288.04 0.139122280658992 0.463359578222274 -0.0638433976601189 -0.229341624340116 PC1 0.463359578222274
1 locus_179306.01 -0.288107898563845 -0.595237445340557 -0.611051508392053 -0.171009130968956 PC2 0.611051508392053
1 locus_179372.01 -0.106353417966063 -0.285267006403224 -0.107730045331912 -0.0076003626269152 PC1 0.285267006403224
1 locus_179403.03 0.286477403065173 0.54859739666422 0.661124331320213 0.113901049407956 PC2 0.661124331320213
1 locus_179429.01 -0.174283807908352 -0.385599337923882 -0.247500050565905 0.209728484197287 PC1 0.385599337923882
1 locus_179651.04 0.103785632900002 0.209718560102886 0.215854414001 0.0169316365806639 PC2 0.215854414001
1 locus_179678.02 0.119103306262947 -0.0863616884235599 0.667699347416208 -0.345914586966212 PC2 0.667699347416208
1 locus_179818.02 -0.15003291738813 -0.494939933272983 0.032574096679063 0.137299811743774 PC1 0.494939933272983
1 locus_180066.03 0.240367649700106 0.530668103814528 0.305938250089179 -0.431514581563284 PC1 0.530668103814528
1 locus_180111.03 0.140910112618784 0.0633246432311082 0.567516778078646 -0.262192100698223 PC2 0.567516778078646
1 locus_180430.02 -0.160481256485 -0.476710664956493 -0.0392239854855428 0.181294107450942 PC1 0.476710664956493
1 locus_180473.02 -0.234068553825625 -0.49092891903767 -0.428666876209623 0.0759777273265506 PC1 0.49092891903767
1 locus_180569.03 0.244200070865672 0.705835613255819 0.151086797039554 -0.0442941625086495 PC1 0.705835613255819
1 locus_180577.01 -0.245019748975634 -0.55169067486655 -0.324151838175203 0.328052831090316 PC1 0.55169067486655
1 locus_180719.02 -0.117571578383768 -0.3428563981582 -0.104081860232775 -0.116761284143797 PC1 0.3428563981582
1 locus_180910.04 0.223275290971381 0.615150968182133 0.150961902031129 -0.173533606743946 PC1 0.615150968182133
1 locus_180979.04 0.0820586295422535 0.125484358503938 0.292859648331138 0.237520255347121 PC2 0.292859648331138
1 locus_180986.04 0.149732451134056 0.00804529284821295 0.680456538727282 -0.339728772668893 PC2 0.680456538727282
1 locus_181062.03 0.221906664654112 0.358946978136766 0.608252284681929 0.058027394000366 PC2 0.608252284681929
1 locus_181085.03 0.164671070716811 0.390389194143713 0.24376657797179 -0.00316841031789177 PC1 0.390389194143713
1 locus_181174.02 0.129167127721181 0.361831492009968 -0.0208579545177669 -0.478160147392657 PC3 0.478160147392657
1 locus_181260.01 -0.2402257677244 -0.551082218680459 -0.389722339589669 -0.0147392161303981 PC1 0.551082218680459
1 locus_181283.02 -0.113636351280368 -0.363080496549086 -0.139661562111576 -0.453300382305396 PC3 0.453300382305396
1 locus_181300.01 -0.214675086826259 -0.406550430703236 -0.412725188861674 0.25826459584083 PC2 0.412725188861674
1 locus_181381.03 0.268006985101011 0.501451834611744 0.621347803844172 0.046473452913289 PC2 0.621347803844172
1 locus_181408.03 0.25621346461313 0.678725782023197 0.166787742516188 -0.38757334220343 PC1 0.678725782023197
1 locus_181478.03 0.141984234760264 0.476414687129876 -0.0465252779287677 -0.141581049039112 PC1 0.476414687129876
1 locus_181534.03 0.141802405175184 0.403216350535676 -0.0236654096591419 -0.491760815475271 PC3 0.491760815475271
1 locus_181596.01 -0.223275290971381 -0.615150968182133 -0.150961902031129 0.173533606743946 PC1 0.615150968182133
1 locus_181640.01 -0.265614595635689 -0.581727024264274 -0.385574768702399 0.323409176957772 PC1 0.581727024264274
1 locus_181769.01 -0.277330323622422 -0.621385055781634 -0.383927562996792 0.324619058376641 PC1 0.621385055781634
1 locus_181938.01 -0.250539595575293 -0.557577042241994 -0.373769434149834 0.213075990391208 PC1 0.557577042241994
1 locus_182021.04 0.270411914817401 0.474864498668525 0.627156215249228 -0.139604271347491 PC2 0.627156215249228
1 locus_182282.01 0.219270528476756 0.659875764923655 0.0133836629883823 -0.35003423294944 PC1 0.659875764923655
1 locus_182328.04 0.253809498207112 0.512941243546635 0.464916852538951 -0.198903721329758 PC1 0.512941243546635
1 locus_182336.04 0.219650878947047 0.582602442559361 0.165241558454669 -0.242747581775712 PC1 0.582602442559361
1 locus_182397.04 0.286477403065173 0.54859739666422 0.661124331320213 0.113901049407956 PC2 0.661124331320213
1 locus_182615.04 0.15003291738813 0.494939933272983 -0.032574096679063 -0.137299811743774 PC1 0.494939933272983
1 locus_182717.01 -0.0353120809920281 -0.0545162306870563 -0.111331188097301 -0.0491394984111495 PC2 0.111331188097301
1 locus_182726.02 0.223275290971381 0.615150968182133 0.150961902031129 -0.173533606743946 PC1 0.615150968182133
1 locus_182775.01 -0.234749993758805 -0.487301608118632 -0.390738221850696 0.256480060613873 PC1 0.487301608118632
1 locus_182796.04 0.239922808804418 0.665597896316783 0.182550727938593 -0.0811110681663271 PC1 0.665597896316783
1 locus_182851.03 0.223275290971381 0.615150968182133 0.150961902031129 -0.173533606743946 PC1 0.615150968182133
1 locus_182959.02 -0.092305959862799 -0.190127311231112 -0.0440603709461106 0.528810597928958 PC3 0.528810597928958
1 locus_183173.01 -0.100068358292005 -0.263530699612437 -0.0998509172448012 0.0280374355168253 PC1 0.263530699612437
1 locus_183232.02 0.267510651018212 0.449559985066211 0.737543679929741 0.187897839911338 PC2 0.737543679929741
1 locus_183286.02 -0.216805269989649 -0.400466244453234 -0.473615589068296 0.104648183478215 PC2 0.473615589068296
1 locus_183698.01 -0.197389752720547 -0.440680308490041 -0.347570137329371 -0.0435088947436552 PC1 0.440680308490041
1 locus_183814.03 0.223275290971381 0.615150968182133 0.150961902031129 -0.173533606743946 PC1 0.615150968182133
1 locus_183959.02 -0.179422745763107 -0.467231002830434 -0.207592273267504 -0.0271061857714993 PC1 0.467231002830434
1 locus_184065.03 -0.134799100980529 -0.524346360468303 0.181507653573232 0.225314304182644 PC1 0.524346360468303
1 locus_184090.04 0.26893173928126 0.686287340251274 0.271727263830864 -0.194712496467253 PC1 0.686287340251274
1 locus_184114.01 -0.263507399432063 -0.453029204911264 -0.664844511904335 -0.0107700005758559 PC2 0.664844511904335
1 locus_184128.03 0.199747548983714 0.460638312365385 0.326910704132044 0.0377296862649797 PC1 0.460638312365385
1 locus_184276.03 0.22477485582601 0.469941819967665 0.438835158524576 0.0219909985789823 PC1 0.469941819967665
1 locus_184321.04 0.25621346461313 0.678725782023197 0.166787742516188 -0.38757334220343 PC1 0.678725782023197
1 locus_184383.01 -0.101232292757285 -0.35857293931961 -0.0671320734379 -0.396501285354444 PC3 0.396501285354444
1 locus_184393.02 -0.0555723673243481 -0.215187120160043 -0.043331849439277 -0.353018331132496 PC3 0.353018331132496
1 locus_184503.03 0.223275290971381 0.615150968182133 0.150961902031129 -0.173533606743946 PC1 0.615150968182133
1 locus_184516.02 -0.089035121153887 -0.246048810681244 -0.0532725299429565 0.0911870211555829 PC1 0.246048810681244
1 locus_184554.01 -0.304029024241565 -0.635744881869379 -0.594414203948543 -0.0336201777554875 PC1 0.635744881869379
1 locus_184775.04 0.199747548983714 0.460638312365385 0.326910704132044 0.0377296862649797 PC1 0.460638312365385
1 locus_185386.03 0.33646659623326 0.874125446828432 0.37869838895999 -0.00209442009429323 PC1 0.874125446828432
1 locus_185419.03 0.244200070865672 0.705835613255819 0.151086797039554 -0.0442941625086495 PC1 0.705835613255819
1 locus_185504.01 -0.161886107388952 -0.372601870550658 -0.317809270625935 -0.228349684954158 PC1 0.372601870550658
1 locus_185837.04 0.263322114111157 0.707623606940262 0.189018415464086 -0.270337885578304 PC1 0.707623606940262
1 locus_185918.02 -0.225028569142143 -0.514818739946017 -0.248895217136769 0.438851305694481 PC1 0.514818739946017
1 locus_185928.03 0.252178781405399 0.531605513456652 0.464084168141665 -0.0570191586594756 PC1 0.531605513456652
1 locus_186123.03 0.137312412768305 0.508419859551697 -0.124665209754114 -0.154154246275427 PC1 0.508419859551697
1 locus_186426.04 -0.184406227165505 -0.569267648364833 -0.0152546890018687 0.192811838599096 PC1 0.569267648364833
1 locus_186572.04 0.177069024372451 0.353419139869323 0.3624954753472 -0.0196091395743756 PC2 0.3624954753472
1 locus_186604.02 -0.264295742111975 -0.543103074866133 -0.47145127117621 0.201517366521563 PC1 0.543103074866133
1 locus_186610.04 -0.15003291738813 -0.494939933272983 0.032574096679063 0.137299811743774 PC1 0.494939933272983
1 locus_186635.02 -0.163769636198839 -0.513718699198308 -0.0297265056039077 0.0602030128382975 PC1 0.513718699198308
1 locus_186705.02 -0.301229020702616 -0.58794393243101 -0.677864978522297 -0.120498140434348 PC2 0.677864978522297
1 locus_186870.02 -0.223275290971381 -0.615150968182133 -0.150961902031129 0.173533606743946 PC1 0.615150968182133
1 locus_186879.02 -0.0353120809920281 -0.0545162306870563 -0.111331188097301 -0.0491394984111495 PC2 0.111331188097301
1 locus_187143.03 0.260398756521511 0.542172502319909 0.461673651993021 -0.166691984439141 PC1 0.542172502319909
1 locus_187221.02 -0.223275290971381 -0.615150968182133 -0.150961902031129 0.173533606743946 PC1 0.615150968182133
1 locus_187294.01 -0.165638856067877 -0.28566587228121 -0.284259362389291 0.498906571232283 PC3 0.498906571232283
1 locus_187519.01 -0.14567392166585 -0.272934338867221 -0.3344149983308 -0.014828052973669 PC2 0.3344149983308
1 locus_187715.01 -0.259431244024619 -0.422693235956705 -0.697744103178912 -0.0351119081199035 PC2 0.697744103178912
1 locus_187793.04 0.134640753983296 0.394056643960825 0.149706578562658 0.258973957610362 PC1 0.394056643960825
1 locus_187818.01 -0.294947625821439 -0.652753953587541 -0.531681747690165 -0.0776266542097767 PC1 0.652753953587541
1 locus_188130.02 -0.225028569142143 -0.514818739946017 -0.248895217136769 0.438851305694481 PC1 0.514818739946017
1 locus_188331.03 0.023244057343718 -0.141336510489675 0.279213184851282 -0.248477940907123 PC2 0.279213184851282
1 locus_188828.01 -0.0984467525209374 -0.200680211564585 -0.0582720353567751 0.533488572373996 PC3 0.533488572373996
1 locus_188830.03 0.265151635808539 0.440348070550956 0.738050547481447 0.181417784949573 PC2 0.738050547481447
1 locus_189055.01 -0.15486328817522 -0.474310254788788 0.0239035725944343 0.324957702068692 PC1 0.474310254788788
1 locus_189076.04 0.215514036180095 0.444971714351526 0.505109832971478 0.309831314201892 PC2 0.505109832971478
1 locus_189206.01 -0.124193184172236 -0.490697211524482 0.0568945862023439 -0.260143492305944 PC1 0.490697211524482
1 locus_189300.01 -0.204125766882552 -0.527826659593691 -0.207295768231984 0.102085085714035 PC1 0.527826659593691
1 locus_189326.02 -0.301229020702616 -0.58794393243101 -0.677864978522297 -0.120498140434348 PC2 0.677864978522297
1 locus_189392.01 -0.302207269563811 -0.593649738765923 -0.671668585875684 -0.111662488306798 PC2 0.671668585875684
1 locus_189506.03 0.141984234760264 0.476414687129875 -0.0465252779287677 -0.141581049039112 PC1 0.476414687129875
1 locus_189615.04 -0.163211711282786 -0.520901879814645 0.0214222332116777 0.201342891398953 PC1 0.520901879814645
1 locus_189679.02 -0.144978430077038 -0.517349250805832 0.100001540013184 0.159110830575199 PC1 0.517349250805832
1 locus_189859.04 0.115684520608567 0.327058199077984 0.08401031354683 -0.0175307916427641 PC1 0.327058199077984
1 locus_189924.01 -0.10783064471595 -0.235386144929275 -0.215588041403181 -0.0898530262862231 PC1 0.235386144929275
1 locus_189990.01 0.134002205296712 0.463164996661677 -0.0655449775792076 -0.134774343604726 PC1 0.463164996661677
1 locus_190317.04 0.106053654642047 0.222026705188083 0.242991163230513 0.149594345879455 PC2 0.242991163230513
1 locus_190495.04 0.286477403065173 0.54859739666422 0.661124331320213 0.113901049407956 PC2 0.661124331320213
1 locus_190589.03 0.263507399432063 0.453029204911264 0.664844511904335 0.0107700005758559 PC2 0.664844511904335
1 locus_190627.04 0.252954784309348 0.408879007308368 0.721941502673406 0.173701193899086 PC2 0.721941502673406
1 locus_190698.04 0.302081234821 0.585959813363304 0.681370950151352 0.104925825114755 PC2 0.681370950151352
1 locus_190803.01 -0.112136500083311 -0.274819049681698 -0.0116172626584351 0.53837506111629 PC3 0.53837506111629
1 locus_190914.03 0.265151635808539 0.440348070550956 0.738050547481447 0.181417784949573 PC2 0.738050547481447
1 locus_191205.02 -0.145422941662451 -0.156722292889657 -0.502700394178664 0.0371760349572018 PC2 0.502700394178664
1 locus_191416.02 0.265151635808539 0.440348070550956 0.738050547481447 0.181417784949573 PC2 0.738050547481447
1 locus_191677.01 -0.223275290971381 -0.615150968182133 -0.150961902031129 0.173533606743946 PC1 0.615150968182133
1 locus_191688.01 -0.22477485582601 -0.469941819967665 -0.438835158524576 -0.0219909985789823 PC1 0.469941819967665
1 locus_191716.03 0.265832188560779 0.472043199618092 0.650008865620987 0.0222283811733463 PC2 0.650008865620987
1 locus_191775.03 -0.171388076231201 -0.557960488381487 0.0211668694441936 0.140266330223265 PC1 0.557960488381487
1 locus_191897.01 -0.233946893691655 -0.530700248261329 -0.308144961591575 0.294662073396814 PC1 0.530700248261329
