snp RDA1 RDA2 RDA3
locus_91.04 -1.41539951822092e-15 1.74167568395418e-15 -9.54904953648428e-16
locus_104.04 -0.0864276610634044 0.0431571397483961 0.0156891663067142
locus_106.02 -0.115420650435413 0.174442099359992 0.221866691215284
locus_174.04 1.49311537376868e-30 -4.36901634200034e-31 6.85512482258023e-31
locus_317.02 1.2991713139461e-30 1.19283788218422e-31 1.67414848688089e-31
locus_411.04 0.269634143105626 -0.157400863688164 0.0537168245272862
locus_1095.01 0.0240362909224259 -0.31247062315558 0.0879051513051859
locus_1100.02 0.241963746770284 -0.194346092879766 -0.0199089066166441
locus_1198.04 -0.196825595040062 -0.0408772557144741 -0.134286641016066
locus_1327.04 4.94832221005699e-32 8.0868140858468e-33 4.03336785702565e-32
locus_1479.01 0.118558910072554 0.0340800709362917 -0.103652644834533
locus_1491.03 -0.159335384812152 -0.111635715184956 -0.0017249213642657
locus_1627.03 0 0 0
locus_1857.02 0.0852696058753735 0.244367478262904 -0.084333619289111
locus_2050.04 0 0 0
locus_2176.04 0 0 0
locus_2223.01 0.188549900187948 0.0276620524022931 0.13476557415224
locus_2272.04 -0.159335384812152 -0.111635715184956 -0.00172492136426569
locus_2597.03 0 0 0
locus_3102.01 0.0293511998264696 -0.0420563759035345 0.0256461252946094
locus_3357.04 -0.235251224265954 -0.0869681928692062 0.0477308648471739
locus_3532.03 -0.244362475808493 -0.074170349692363 0.0175230793918542
locus_4095.04 -0.210080517181784 -0.0194789789527753 0.0618881764348645
locus_4245.04 -0.292992865349115 -0.0386124665114902 -0.0318699309349497
locus_4521.03 -0.168065005759023 -0.109448911638842 -0.00359487752520335
locus_4639.02 -0.208185474441349 0.0273429372943423 0.0943371026397765
locus_4659.02 -0.304821560084065 0.143578829583584 -0.0235955567372371
locus_4832.02 -0.279288974911134 -0.12031236588639 -0.0557802608060275
locus_4964.04 0 0 0
locus_4970.02 0.14631155000258 0.113747358342229 -0.0143303320554772
locus_5213.03 0 0 0
locus_5251.04 0 0 0
locus_5263.02 0.222337491341757 0.110344370158467 -0.0147338219318666
locus_5311.04 -0.0372621641065897 0.0345264003717332 -0.0109835666090907
locus_5316.02 -0.0966070324049179 -0.131663342992147 -0.136139765989469
locus_5332.03 -0.141551641530048 0.073728584667131 -0.0858035697815622
locus_5341.03 -0.279195801716526 -0.0488434671843259 -0.0957294248457247
locus_5346.03 0 0 0
locus_5362.01 0.279195801716526 0.0488434671843259 0.0957294248457247
locus_5363.03 0.0348446695539387 -0.0738423841077224 -0.107970844538479
locus_5406.03 -0.196825595040062 -0.0408772557144741 -0.134286641016066
locus_5411.03 0 0 0
locus_5433.02 0.304821560084065 -0.143578829583584 0.0235955567372371
locus_5442.04 -0.224646364071589 -0.111739873231408 0.0230127747687722
locus_5454.04 0 0 0
locus_5473.02 0.304821560084065 -0.143578829583584 0.0235955567372371
locus_5492.03 0 0 0
locus_5600.01 0.196825595040062 0.0408772557144741 0.134286641016066
locus_10325.03 0 0 0
locus_11470.02 0.101808945330765 0.18522464895459 0.0154189226286023
locus_11642.01 0.229234619315223 0.114569452313674 0.0970930787693137
locus_12349.03 -0.202257278240069 -0.0224957514271227 0.0642508152104099
locus_12467.04 -0.321077696380712 0.143672935195511 -0.0280782292690624
locus_13386.04 -0.179905455884682 -0.029508784380801 -0.133441028645806
locus_13414.01 0.160302091185567 -0.189625804151044 -0.133020234507702
locus_14899.04 -0.352392593760055 0.0609633687337744 -0.046074045967864
locus_15001.03 -0.214672883919635 0.225181207366712 -0.0604668384431866
locus_15014.01 0.122251561720606 -0.0267122420078497 0.160466071429184
locus_15018.02 0 0 0
locus_15041.01 0.178219265678646 0.115163859712892 0.0151449391890478
locus_15102.01 0.107237829726981 -0.181485410116443 -0.206394216135578
locus_15256.04 0 0 0
locus_15292.01 0.254163894819395 0.0327481641874191 0.094547040730022
locus_15385.02 0 0 0
locus_15427.04 0.272756967656823 0.0541234650615609 0.0590111361739846
locus_15438.04 0 0 0
locus_15683.01 0.288811956869042 0.0443012838860446 0.0976425878780936
locus_15820.01 0.265198786346555 0.0300816791995965 0.0964008642722263
locus_15838.03 -0.129237395312267 0.19758769165641 0.229411910975546
locus_16407.01 0.196825595040062 0.0408772557144741 0.134286641016066
locus_16472.01 0.207119550702918 -0.183739201944364 -0.0496616193966328
locus_17684.04 -0.198764309177617 -0.111147467979531 0.00609836571286847
locus_17686.03 0 0 0
locus_17835.04 -0.057263849810224 0.0597688689059096 -0.118288995682674
locus_17940.04 0 0 0
locus_17948.02 0.168965470635874 0.113537722182066 0.00842863968252497
locus_18865.03 -0.259239568080749 0.0727368470266373 -0.00691313339196754
locus_18921.01 0.248534596454357 -0.142407139065591 0.0784832228970095
locus_19219.03 0.167257224037346 0.124296930174109 -0.0118332708078321
locus_19328.03 -0.291747847174735 -0.0493021457504153 0.0312553561600859
locus_20224.02 -0.157010059759588 -0.133548529123063 -0.00421924932390605
locus_21080.04 0 0 0
locus_21224.04 0 0 0
locus_21272.01 0.166905844430836 0.132302253664405 0.00610235471148983
locus_21775.04 -0.264971921568711 0.0893821952980441 0.0401338962244962
locus_22145.03 0 0 0
locus_22314.04 -0.321077696380712 0.143672935195511 -0.0280782292690624
locus_22337.04 0 0 0
locus_22566.02 0.141916477014482 0.130184966884225 0.0203440055209934
locus_22805.02 0 0 0
locus_22875.04 -0.30686138572231 0.0546335977134926 -0.0462824757370034
locus_23494.04 -0.244362475808493 -0.074170349692363 0.0175230793918542
locus_23989.04 0 0 0
locus_24528.04 0 0 0
locus_24972.03 0.162271232959656 -0.0256012662187606 0.185429790721561
locus_25138.04 0 0 0
locus_26119.01 0.291237066292873 -0.00353805842929216 -0.133879984079657
locus_27090.04 -0.222233357254935 -0.0316436592109908 0.00667120460405023
locus_27161.02 0.100036598835975 0.0655227184838325 -0.151451287838876
locus_27827.01 0.259425636655793 -0.125572650531455 -0.109107892822453
locus_28245.04 0 0 0
locus_28295.02 0.0873814539416893 -0.00187689927779597 0.0471963961612338
locus_28371.01 0.241994837888559 -0.058034598093994 -0.0975859978709345
locus_28685.04 0 0 0
locus_29100.03 0 0 0
locus_29490.01 0 0 0
locus_30171.01 0.136675777894832 -0.176675203855222 -0.118620394539153
locus_30414.01 0.253730054324843 -0.109182150280415 -0.161317995751795
locus_30760.03 0 0 0
locus_31596.04 -0.277223172045457 -0.109839470482092 0.0900449255414764
locus_31778.04 -0.156299970290808 -0.143974648254103 -0.00894618469619421
locus_32514.02 -0.141386158444505 -0.150156526013438 0.00815171961678752
locus_33331.03 -0.162979444645677 -0.123410001750214 0.0292586228862661
locus_34556.04 0 0 0
locus_35630.02 0.155069472789076 0.127744858178576 -0.0293194774789379
locus_36060.02 -0.327689940129778 0.10702905017231 0.0155435727641892
locus_36324.04 -0.203759223647819 -0.0288733607235554 0.0489258063182686
locus_36638.02 0 0 0
locus_37351.04 -0.21281123203006 0.0487745329805539 -0.0217384135894139
locus_37854.03 -0.0899637075244347 0.0488142146957805 -0.114490688580398
locus_37883.04 0 0 0
locus_40354.03 0 0 0
locus_40827.04 -0.288662528662527 0.15916136111781 0.00139919382655988
locus_42216.04 0 0 0
locus_42426.04 0 0 0
locus_42458.03 -0.0718161655191623 0.0576165622962447 -0.144517349789053
locus_43199.02 0 0 0
locus_43269.04 -0.248637790643223 -0.0399561954033487 0.0892002086510169
locus_44819.04 -0.159009336164812 -0.12238903010461 0.0251896414466957
locus_45141.02 -0.137873869582298 -0.0529563896511397 0.0682586215511956
locus_45703.03 0 0 0
locus_46409.04 -0.321077696380712 0.143672935195511 -0.0280782292690624
locus_46837.03 0 0 0
locus_47196.03 0.259522575618584 -0.135856006673795 -0.00847287305592292
locus_47307.03 -0.225354147126617 0.191614885840345 0.016173069316467
locus_47557.04 -0.304821560084065 0.143578829583584 -0.0235955567372371
locus_47618.03 0 0 0
locus_47670.01 0.203527693579666 0.122961439954418 -0.000790282171003022
locus_47768.03 -0.266102384605907 0.194279766489582 -0.0245159785682935
locus_48090.04 -0.304821560084065 0.143578829583584 -0.0235955567372371
locus_48190.04 0 0 0
locus_48327.04 -0.215360302940867 -0.119498854292221 -0.0221586598236853
locus_48479.04 -0.299312154960098 -0.0475297553561976 -0.0525268693542421
locus_48494.02 0 0 0
locus_48503.04 -0.057263849810224 0.0597688689059096 -0.118288995682674
locus_48546.02 0.168065005759023 0.109448911638842 0.0035948775252033
locus_48573.01 0.168065005759023 0.109448911638842 0.00359487752520335
locus_48658.01 0.168065005759023 0.109448911638842 0.00359487752520335
locus_48998.04 0 0 0
locus_49022.02 0.284009838657163 0.0490279720481772 0.0905622993224235
locus_49040.04 -0.116736754361393 -0.00518445486506383 -0.0200065737103942
locus_49197.01 0.0784242620510504 0.00263058041905605 -0.0643185123843522
locus_49313.02 0 0 0
locus_49317.03 -0.252994214125791 0.126820709251499 0.124590102575164
locus_49584.02 0.23847297736843 0.0642459045685989 -0.133912700044482
locus_49676.04 -0.154026119048988 -0.143533392861972 -0.00347239694424683
locus_49847.03 0.135537512939597 0.0486119333824407 0.144228737149876
locus_49851.01 0.318554086524624 -0.0672107347987353 0.0340717202953652
locus_49899.01 0.29585633468987 -0.00332542201437094 -0.113346996302586
locus_49945.04 0 0 0
locus_50435.01 0.315341054713209 -0.109589391993746 -0.0658462313302288
locus_50476.01 0.0688629014708218 -0.0412805011271359 -0.0111628140690397
locus_50561.04 0 0 0
locus_50709.03 0 0 0
locus_50781.03 0 0 0
locus_50910.01 0.262906009166628 -0.0796678720528989 -0.000876255979935559
locus_50922.04 0 0 0
locus_50924.03 -0.29634833949165 0.104646734116466 0.0849358740442344
locus_50979.01 0.210481394921958 -0.0213076368172121 -0.0919820556904073
locus_51082.04 -0.175684331043707 -0.133594765756235 0.017979675451605
locus_51114.04 0 0 0
locus_51241.02 0.219174738767051 -0.0631897798015616 -0.0172972058444909
locus_51255.03 0 0 0
locus_51278.01 0.177060069073716 0.15174022269095 0.0248026354622139
locus_51624.02 0.16979485500705 0.119710596747265 -0.00958737857300381
locus_52159.03 0 0 0
locus_52463.01 0.185770519274002 0.0417708688502021 0.114931609158639
locus_52829.03 -0.183478422907515 -0.144410613358779 -0.019157004379384
locus_52930.03 0 0 0
locus_53754.01 0.254163894819395 0.0327481641874191 0.094547040730022
locus_53841.02 0.333914616683057 -0.118930850451113 -0.0129224480185743
locus_53863.03 0.174789733123444 -0.209920948542033 0.0170576253977321
locus_55237.02 0.30686138572231 -0.0546335977134926 0.0462824757370034
locus_56331.03 0 0 0
locus_56667.02 -0.282779144094689 -0.104728007613011 0.0173110116331244
locus_56713.04 0 0 0
locus_57040.04 -0.244362475808493 -0.074170349692363 0.0175230793918542
locus_57147.03 0 0 0
locus_57465.02 0.130725988029752 0.162192505854378 -0.0244808012909563
locus_57787.03 0 0 0
locus_57816.01 0.301090083929391 0.055053219789895 -0.140572934619038
locus_58039.02 0.235756472087746 -0.0796192417043872 0.0482807488314929
locus_58167.03 -0.244362475808493 -0.074170349692363 0.0175230793918542
locus_58582.01 0.184990440683817 -0.0754020769375293 0.0272784416839524
locus_58593.04 -0.170374198886922 -0.0948345990294749 0.00457343876194756
locus_58874.03 0 0 0
locus_59168.03 0 0 0
locus_59298.04 -0.244362475808493 -0.074170349692363 0.0175230793918542
locus_59350.02 0.116914554405753 0.00792743080080694 0.0196948629510513
locus_59411.04 -0.240479718231158 0.0706986493023291 -0.00692256135386333
locus_59417.04 -0.260163424437389 -0.121844551543281 -0.0409897524180022
locus_59444.02 -0.320663623881559 0.115930128501342 0.0215417764224868
locus_59461.03 -0.188229816158864 -0.110848154653205 0.00261170031140013
locus_59470.03 0 0 0
locus_59581.03 -0.188245120281203 0.0585555294706417 0.0113765665622522
locus_59723.04 0 0 0
locus_59954.03 -0.0840208195305593 0.0489748788675796 -0.0782984759161378
locus_60209.04 0 0 0
locus_60264.04 -0.022099147879273 -0.0981949184609532 0.0111082345854513
locus_60667.01 0.0502293949209196 -0.0360367665208841 0.0268230502728183
locus_60741.04 -0.0547924888881109 -0.053506454975569 -0.00300075841034822
locus_61221.01 0.244362475808493 0.074170349692363 -0.0175230793918542
locus_61235.02 0.244362475808493 0.074170349692363 -0.0175230793918542
locus_61754.01 0.292673596544229 -0.0575752065114506 -0.0115108789470017
locus_61762.04 0 0 0
locus_61910.01 0.210080517181784 0.0194789789527753 -0.0618881764348646
locus_62325.04 0 0 0
locus_62572.03 -0.188549900187948 -0.0276620524022932 -0.134765574152239
locus_62597.04 -0.126784234325547 -0.0980996233780423 -0.0261191579807812
locus_62762.04 0 0 0
locus_63427.03 0 0 0
locus_63561.03 -0.244362475808493 -0.074170349692363 0.0175230793918542
locus_63865.04 -0.282086126675294 -0.0139643211754155 0.100564382579725
locus_63920.04 -0.244362475808493 -0.074170349692363 0.0175230793918542
locus_63950.04 0 0 0
locus_64534.04 0 0 0
locus_64579.02 0.244362475808493 0.074170349692363 -0.0175230793918542
locus_64796.04 0 0 0
locus_66155.02 0 0 0
locus_67397.04 -0.126784234325547 -0.0980996233780424 -0.0261191579807812
locus_67715.03 -0.244362475808493 -0.074170349692363 0.0175230793918542
locus_68430.03 -0.244362475808493 -0.074170349692363 0.0175230793918542
locus_68863.04 -0.21281123203006 0.0487745329805539 -0.0217384135894139
locus_68992.02 0.0729103496427485 -0.0483057021729569 0.117868556788646
locus_69046.03 0 0 0
locus_69363.03 0 0 0
locus_69366.02 0.106307036561685 0.111268323133736 0.0141849245149859
locus_70129.02 0.0807525235208307 -0.023342216354319 -0.0335898918013592
locus_70200.04 0 0 0
locus_70321.04 -0.11112381267166 -0.156370845899497 0.000467062390939309
locus_70403.01 0.115420650435408 -0.174442099359993 -0.221866691215283
locus_70441.04 -0.193931977936116 -0.00944841925029327 0.0619587166409004
locus_70758.02 0.252997047517831 -0.0459883456283113 -0.0986300756561009
locus_70917.04 -0.175261786414869 -0.116718286341871 0.0111183889457241
locus_71090.03 -0.159335384812152 -0.111635715184956 -0.00172492136426567
locus_71140.04 0 0 0
locus_71176.04 0.182791093725783 0.126342672854518 -0.0389624034183955
locus_71682.02 -0.154461475785662 -0.195761169107048 -0.0997111998666788
locus_71850.02 0 0 0
locus_72130.02 0.244362475808493 0.074170349692363 -0.0175230793918542
locus_72630.03 0.279512256272363 -0.195589182513445 0.0286831322487375
locus_72890.02 0.175261786414869 0.116718286341871 -0.0111183889457241
locus_73801.04 0 0 0
locus_74920.03 -0.286348695058471 -0.0701859631893941 -0.0319917595654658
locus_74932.03 0 0 0
locus_75018.04 0 0 0
locus_75139.01 0.277223172045457 0.109839470482092 -0.0900449255414764
locus_75584.04 0 0 0
locus_75614.02 0.177676089721917 0.0420719365914128 -0.0764760543949298
locus_75972.03 0.286662322235674 0.0904474003160423 -0.0473287707610621
locus_76174.03 0.21281123203006 -0.0487745329805539 0.0217384135894139
locus_76350.03 0.21281123203006 -0.0487745329805539 0.0217384135894139
locus_76461.02 0.128070152300515 0.146437751511354 -0.00424209738221867
locus_76821.01 0.126784234325547 0.0980996233780423 0.0261191579807812
locus_77203.03 0 0 0
locus_77471.03 0 0 0
locus_77835.01 0.244362475808493 0.074170349692363 -0.0175230793918542
locus_78580.01 0.137572306559883 -0.0154147736962665 0.159834217290318
locus_78918.04 0 0 0
locus_79103.02 0.18233998590785 0.118076188448142 0.0389103346725607
locus_79295.02 0.20028758454226 0.117670010325066 0.0193718246768206
locus_79304.03 0.18874669659682 0.131486485973059 -0.0148909502210969
locus_79354.01 0.136801076783812 -0.0351662114811786 0.12718399865611
locus_79398.03 0.266102384605907 -0.194279766489582 0.0245159785682935
locus_79463.02 -0.160734591438154 -0.0529623196460354 0.111697765949095
locus_79474.03 0 0 0
locus_79520.04 -0.303169893217111 0.103322967940073 0.0685145107883927
locus_79538.02 0.277223172045457 0.109839470482092 -0.0900449255414764
locus_79545.04 -0.243909925930337 0.0429457710327367 0.145673810556438
locus_79769.04 0 0 0
locus_79853.02 0.271610613587599 -0.20366515234368 0.0270946666009382
locus_79980.02 0 0 0
locus_80042.04 0 0 0
locus_80051.02 0.190750972001753 0.11382223149321 -0.00898360887620417
locus_80137.01 0.168065005759023 0.109448911638842 0.00359487752520335
locus_80291.01 0.195316475989088 0.117537472061117 0.0284131270934268
locus_80356.04 -0.057263849810224 0.0597688689059096 -0.118288995682674
locus_80443.02 0 0 0
locus_80615.04 -0.279512256272363 0.195589182513445 -0.0286831322487375
locus_80690.03 -0.286662322235674 -0.0904474003160423 0.0473287707610621
locus_80723.04 0 0 0
locus_80881.03 0 0 0
locus_81106.03 0 0 0
locus_81142.03 -0.318554086524624 0.0672107347987353 -0.0340717202953652
locus_81193.02 -0.195914459994477 0.0899665742458508 -0.14465256080504
locus_81200.03 0.279512256272363 -0.195589182513445 0.0286831322487375
locus_81262.04 -0.0546533115611772 0.0496766513662391 -0.124904774435653
locus_81374.04 -0.304821560084065 0.143578829583584 -0.0235955567372371
locus_81439.04 0 0 0
locus_81702.01 0.0894266073703018 -0.0650158083674768 0.057522178553007
locus_81929.02 0.263836291279184 0.0587348117265366 0.0173811919439384
locus_82553.04 0.126784234325547 0.0980996233780423 0.0261191579807812
locus_82729.04 0.178689133937175 0.111490933909622 0.0144223202603597
locus_82735.01 0.168575202405611 0.091733652221371 -0.0202313593055303
locus_82849.02 0.350563208258652 -0.0858991117094576 0.0314878579837243
locus_82976.01 0.263836291279184 0.0587348117265366 0.0173811919439384
locus_86099.03 -0.270664866924139 -0.0618075816000555 -0.0407346463203338
locus_86128.03 0 0 0
locus_86577.02 0.244362475808493 0.074170349692363 -0.0175230793918542
locus_86616.01 0.319509661459382 -0.0378278157086573 -0.00674710767439304
locus_86655.03 -0.168065005759023 -0.109448911638842 -0.00359487752520327
locus_86807.04 0 0 0
locus_86867.01 0.304821560084065 -0.143578829583584 0.0235955567372371
locus_86913.04 -0.121868237600553 -0.0223931013000973 -0.0260829969866276
locus_87067.02 0 0 0
locus_87336.04 0 0 0
locus_88005.03 0.102383793483124 -0.0458935517162428 -0.0141099730271507
locus_88198.01 0.196825595040062 0.0408772557144741 0.134286641016066
locus_88340.04 0 0 0
locus_88797.01 0.178219265678646 0.115163859712892 0.0151449391890478
locus_89229.04 0 0 0
locus_89408.04 0 0 0
locus_91217.04 0 0 0
locus_91667.03 0 0 0
locus_91789.03 0.244362475808493 0.074170349692363 -0.0175230793918542
locus_91946.03 0 0 0
locus_92064.02 0.244362475808493 0.074170349692363 -0.0175230793918542
locus_92065.01 0.277223172045457 0.109839470482092 -0.0900449255414764
locus_92102.02 0.231451637713831 -0.0883048401181947 0.065451092308938
locus_92748.01 0.244362475808493 0.074170349692363 -0.0175230793918542
locus_92799.02 0.126784234325547 0.0980996233780423 0.0261191579807812
locus_92812.02 0.129041351288939 0.166315217421085 0.00218206151739177
locus_93291.03 0 0 0
locus_93381.01 0.146269356647632 0.171096671838304 -0.0143186658729334
locus_95085.01 0.139860160550612 -0.0598289374598415 0.145324394662144
locus_95415.01 0.203759223647819 0.0288733607235554 -0.0489258063182686
locus_95518.02 -0.108113733318171 -0.164113540152492 -0.0341130363435271
locus_95646.03 0 0 0
locus_97620.02 0.244362475808493 0.074170349692363 -0.0175230793918542
locus_98992.01 0.314980449846816 -0.117178321182436 -0.0534609607823297
locus_99080.01 0.298410075080016 -0.14498698083992 -0.0124141397129324
locus_99382.03 0 0 0
locus_101119.03 -0.182289975390888 0.0017035719162253 -0.1427953753582
locus_101661.04 0 0 0
locus_102798.03 -0.321077696380712 0.143672935195511 -0.0280782292690624
locus_102992.03 -0.0362066567632087 0.275533631974192 -0.0439135220452434
locus_103021.04 -0.201038786242222 -0.0170656228068051 0.0764439699195339
locus_103174.03 0.0372621641065896 -0.0345264003717332 0.0109835666090907
locus_103179.03 -0.279512256272363 0.195589182513445 -0.0286831322487375
locus_103214.04 -0.262293138897394 -0.0997689802152005 -0.1022895528824
locus_103894.02 0.230538019733706 -0.0275800401147007 -0.107855646867913
locus_104359.03 0 0 0
locus_104588.02 0.256215769273737 -0.169319221498689 -0.103668789929966
locus_105164.04 -0.196825595040062 -0.0408772557144741 -0.134286641016066
locus_105368.04 0 0 0
locus_105604.03 -0.193931977936116 -0.0094484192502932 0.0619587166409003
locus_105648.04 0 0 0
locus_105748.01 0.196825595040062 0.0408772557144741 0.134286641016066
locus_105792.01 0.321077696380712 -0.143672935195511 0.0280782292690624
locus_105970.02 0.279512256272363 -0.195589182513445 0.0286831322487375
locus_106147.02 0.144934040536984 0.12181252500175 -0.0283696309739417
locus_106162.04 0.0784221911707427 0.223873625102494 0.195797881827028
locus_106174.01 0.168065005759023 0.109448911638842 0.00359487752520335
locus_107247.03 -0.244362475808493 -0.074170349692363 0.0175230793918542
locus_107324.03 -0.175261786414869 -0.116718286341871 0.0111183889457241
locus_107533.04 0 0 0
locus_108321.01 0.244362475808493 0.074170349692363 -0.0175230793918542
locus_108374.04 0 0 0
locus_108576.03 0 0 0
locus_109334.04 0 0 0
locus_109851.04 0 0 0
locus_110313.03 -0.276225714848039 0.183011259951791 0.00563065847116723
locus_110451.04 0 0 0
locus_111391.03 -0.277223172045457 -0.109839470482092 0.0900449255414764
locus_111656.04 -0.244362475808493 -0.074170349692363 0.0175230793918542
locus_111987.02 -0.321077696380712 0.143672935195511 -0.0280782292690624
locus_111999.02 -0.175261786414869 -0.116718286341871 0.0111183889457241
locus_112176.03 -0.277223172045457 -0.109839470482092 0.0900449255414764
locus_112212.03 0 0 0
locus_112814.04 -0.196825595040062 -0.0408772557144741 -0.134286641016066
locus_113136.04 0 0 0
locus_114024.03 0 0 0
locus_114720.04 0 0 0
locus_114893.02 0.244362475808493 0.074170349692363 -0.0175230793918542
locus_114997.04 0.240641398452715 0.127676578335109 0.0253978813195992
locus_115016.02 0.277223172045457 0.109839470482092 -0.0900449255414764
locus_115110.02 0 0 0
locus_115182.01 0.244362475808493 0.074170349692363 -0.0175230793918542
locus_115683.04 -0.244362475808493 -0.074170349692363 0.0175230793918542
locus_115854.03 0 0 0
locus_116653.01 0.198002779163698 -0.0883524197575817 -0.0128563960318186
locus_117043.03 -0.254030378968132 0.12975875534877 0.0666688109111519
locus_117085.03 -0.173419051624904 -0.12064261208205 0.0133018334405413
locus_117092.04 0 0 0
locus_117268.04 0 0 0
locus_117270.04 0.262840212297406 -0.212095365582503 0.0221194715922366
locus_117495.04 0 0 0
locus_117538.03 -0.0575399217124258 0.0383590205789164 -0.112323806524604
locus_117731.01 0.188341719829711 0.116227689577641 0.011975250098128
locus_117812.04 -0.127613248897787 0.0136264022611325 -0.157295276315198
locus_118025.03 -0.321077696380712 0.143672935195511 -0.0280782292690624
locus_118105.03 -0.178988733232105 -0.114563459551293 -0.00523262168180696
locus_118130.01 0.10087930539773 0.0268286861142598 -0.008779779453821
locus_118173.02 -0.287173946411348 0.192330547469647 -0.0271803789451
locus_118277.02 -0.296316815262924 0.195535304692948 -0.0616269151198181
locus_118328.03 0 0 0
locus_118365.03 0.0849782094502751 0.0649799369683889 -0.0770453947111481
locus_118686.04 0 0 0
locus_118891.04 0 0 0
locus_119000.03 0.0985427574643374 0.076310591986035 -0.156594537059578
locus_119007.01 0.151384823918884 -0.000125685435328226 0.15875934332313
locus_119100.03 -0.279195801716526 -0.0488434671843259 -0.0957294248457247
locus_119122.01 0.0632190445051657 -0.0463811358319914 0.11550338741089
locus_119184.02 0.125329011003729 -0.176899146016534 -0.220904314077905
locus_119234.02 -0.0510466676123526 -0.0795237295287575 0.0291922794019287
locus_119237.04 -0.179905455884682 -0.0295087843808009 -0.133441028645806
locus_119369.04 -0.204676060635435 -0.0377683447938114 -0.135654098305584
locus_119475.04 -0.196825595040062 -0.0408772557144741 -0.134286641016066
locus_119655.03 0 0 0
locus_119817.04 -0.263836291279184 -0.0587348117265366 -0.0173811919439384
locus_119886.03 -0.168065005759023 -0.109448911638842 -0.00359487752520325
locus_119953.04 0 0 0
locus_120044.02 0.154915532883386 0.124434901321779 -0.0363725891490594
locus_120112.04 0.201259336782644 0.118127101725659 0.0333457085218451
locus_120778.03 0 0 0
locus_120888.01 0.179905455884682 0.0295087843808009 0.133441028645806
locus_121179.03 -0.205349035954568 0.00341319763754863 -0.0827221695736481
locus_121199.01 0.162937704339276 0.159797556764264 0.0075390048085492
locus_122052.04 -0.106307036561686 -0.111268323133736 -0.0141849245149858
locus_122101.02 0.0581566993520855 -0.0120516204338218 0.00100075860799691
locus_122104.03 0 0 0
locus_122355.03 0 0 0
locus_122528.01 0.173419051624904 0.12064261208205 -0.0133018334405413
locus_122977.02 0 0 0
locus_123975.04 0 0 0
locus_124137.03 -0.201257265647656 0.0993094004280844 -0.0203243027102798
locus_124461.04 -0.256640551686119 0.144638467995862 0.0193394000736824
locus_124484.04 -0.182045042178092 -0.0195535000832975 0.105125778739824
locus_124666.03 -0.220750751588477 -0.115714098565638 -0.0432642723438268
locus_124701.03 -0.244362475808493 -0.074170349692363 0.0175230793918542
locus_124743.01 0.072690287967027 -0.0309110935136123 -0.018772294529886
locus_124837.03 0 0 0
locus_124873.01 0.244362475808493 0.074170349692363 -0.0175230793918542
locus_125187.04 -0.310758960496586 0.142426639018484 -0.037888518853107
locus_125232.04 -0.193931977936116 -0.00944841925029327 0.0619587166409004
locus_125302.02 0.139049560251707 -0.130829766849859 0.0866543054333014
locus_125425.03 -0.188549900187948 -0.0276620524022932 -0.134765574152239
locus_125565.02 0 0 0
locus_125859.03 -0.226095017442717 -0.116403337557536 -0.0244523585203568
locus_126021.03 0 0 0
locus_126161.01 0.207777324682392 0.114674160835515 0.017572035712608
locus_126317.03 0 0 0
locus_126342.03 -0.266876594995097 0.157949603657736 0.00946535668488143
locus_126509.04 -0.183705957783513 -0.0906333525567193 0.206713242702367
locus_126915.02 -0.155429933131285 -0.115856621231569 -0.000435691267866223
locus_127060.01 0.303169893217111 -0.103322967940073 -0.0685145107883927
locus_127485.03 -0.310758960496586 0.142426639018484 -0.037888518853107
locus_127757.03 0 0 0
locus_127970.04 -0.311072827969201 0.137663912604701 -0.0371723587078615
locus_128702.04 0 0 0
locus_129149.02 -0.120189239026519 -0.136168388620132 0.000277745657983128
locus_129421.04 -0.193244442540168 -0.0313944330583244 -0.118691557559489
locus_129856.03 0 0 0
locus_130108.01 0.271689457995386 -0.164356309738097 -0.0214085049390527
locus_130222.02 0.220365370244678 0.11130568354359 -0.0391172575749284
locus_131330.04 -0.168065005759023 -0.109448911638842 -0.00359487752520325
locus_131370.04 0 0 0
locus_131536.04 0 0 0
locus_131566.03 0 0 0
locus_131791.02 0 0 0
locus_132293.02 -0.16967735205093 -0.0797561044312433 -0.00940196392065864
locus_132357.03 -0.0586662954877594 0.192365667465029 0.0929463604533153
locus_132397.03 0 0 0
locus_132790.04 0 0 0
locus_133226.02 0 0 0
locus_133990.02 0.250533272462307 0.018214799217767 -0.0166222743605672
locus_134466.01 0.304821560084065 -0.143578829583584 0.0235955567372371
locus_135220.03 0.136995851149277 0.0534966339242106 -0.0467787969660635
locus_136268.04 -0.129041351288939 -0.166315217421084 -0.00218206151739172
locus_137135.03 0 0 0
locus_137502.03 -0.159335384812152 -0.111635715184956 -0.00172492136426567
locus_137653.03 -0.215360302940867 -0.119498854292221 -0.0221586598236853
locus_137722.03 0 0 0
locus_137854.03 -0.203759223647819 -0.0288733607235554 0.0489258063182686
locus_137975.03 -0.254163894819395 -0.0327481641874191 -0.0945470407300219
locus_138084.04 -0.188060946762812 0.0827245146669343 -0.0644957413175058
locus_138310.02 0 0 0
locus_138550.01 0.188341719829711 0.116227689577641 0.011975250098128
locus_138723.03 -0.204676060635435 -0.0377683447938114 -0.135654098305584
locus_139346.03 -0.190750972001753 -0.11382223149321 0.00898360887620419
locus_139445.03 -0.184383794481502 -0.0441184645780915 -0.117182673812016
locus_139540.03 0 0 0
locus_139663.04 -0.279195801716526 -0.0488434671843259 -0.0957294248457247
locus_139671.04 -0.166905844430836 -0.132302253664405 -0.00610235471148979
locus_139723.04 0 0 0
locus_140226.01 0.199069498419284 0.117594579736653 0.0149202211274381
locus_141238.03 0 0 0
locus_141524.03 -0.168065005759023 -0.109448911638842 -0.00359487752520331
locus_141579.03 0 0 0
locus_141890.01 0.314980449846816 -0.117178321182436 -0.0534609607823297
locus_141897.02 0.328199917773913 0.0892755025845335 0.0148405715751817
locus_142002.03 -0.224849385907452 0.0322242353277041 0.0975809885966568
locus_142341.02 0.188245120281203 -0.0585555294706417 -0.0113765665622522
locus_142879.04 0 0 0
locus_142937.04 -0.268818392439641 -0.0502212532820202 0.0761029823361186
locus_143580.03 0 0 0
locus_145445.03 0 0 0
locus_145628.03 -0.244362475808493 -0.074170349692363 0.0175230793918542
locus_145753.03 0 0 0
locus_145837.04 0 0 0
locus_145919.04 -0.205349035954568 0.00341319763754863 -0.0827221695736481
locus_145949.01 0.21281123203006 -0.0487745329805539 0.0217384135894139
locus_146233.01 0.244362475808493 0.074170349692363 -0.0175230793918542
locus_146472.02 0.299312154960098 0.0475297553561976 0.0525268693542421
locus_146473.03 -0.0372377148038225 -0.0471680315991867 -0.015808131470466
locus_146531.04 0 0 0
locus_146556.02 0.244362475808493 0.074170349692363 -0.0175230793918542
locus_147118.03 -0.265198786346555 -0.0300816791995966 -0.0964008642722261
locus_147259.04 0 0 0
locus_147287.04 0 0 0
locus_147440.04 -0.23847297736843 -0.0642459045685989 0.133912700044482
locus_148277.01 0.26432259753118 -0.0421034662845647 -0.106411308157423
locus_148316.04 0 0 0
locus_148759.03 0 0 0
locus_149303.01 0.0657750991909043 -0.237008266077515 0.0282840474376811
locus_149344.01 0.244362475808493 0.074170349692363 -0.0175230793918542
locus_149392.04 0 0 0
locus_149469.02 -0.259425636655793 0.125572650531455 0.109107892822453
locus_149808.04 -0.304821560084065 0.143578829583584 -0.0235955567372371
locus_149886.01 0.166553869223802 -0.00115973065158008 0.154235388531535
locus_150444.03 0 0 0
locus_150542.04 -0.185309912431031 -0.0112194185397648 0.0641012460946433
locus_150558.03 -0.304821560084065 0.143578829583584 -0.0235955567372371
locus_150620.03 0 0 0
locus_150841.03 0 0 0
locus_150891.01 0.31812606924944 -0.00420922483299585 -0.0923875308723145
locus_150920.02 -0.221484915341432 -0.0134375890904667 0.0428258394332562
locus_151269.04 0 0 0
locus_151718.03 -0.151570707231448 -0.142994111988117 0.0103182668651409
locus_152307.03 0 0 0
locus_152826.03 -0.203559607316851 0.0524680148860388 -0.0910526450121605
locus_152906.04 0 0 0
locus_152926.01 0.185309912431031 0.0112194185397648 -0.0641012460946433
locus_153488.04 0.144331408332408 0.137358411566494 0.031235451137008
locus_153522.02 -0.274362758105884 0.00377497221789784 0.186980896271484
locus_154051.03 0.168065005759023 0.109448911638842 0.00359487752520335
locus_154879.03 -0.126784234325547 -0.0980996233780423 -0.0261191579807812
locus_155028.04 0 0 0
locus_155148.04 -0.228885500774936 -0.124778903795535 -0.0238635145718104
locus_155663.01 -0.159616740076991 -0.161314270336844 0.00583342609429158
locus_155937.03 0 0 0
locus_156203.01 0.156030661852946 0.13468641160797 -0.0133348771165776
locus_156514.03 0 0 0
locus_156672.02 0.282086126675294 0.0139643211754155 -0.100564382579725
locus_156733.04 -0.203759223647819 -0.0288733607235554 0.0489258063182686
locus_157946.03 0 0 0
locus_158669.04 -0.160609916492883 -0.124492186087688 0.0387999334795232
locus_159115.01 0 0 0
locus_159338.01 0.168065005759023 0.109448911638842 0.00359487752520335
locus_159833.04 -0.153975688454967 -0.175201056787604 0.00888959517992288
locus_159922.04 0 0 0
locus_160222.04 0 0 0
locus_160253.03 -0.103283373941618 0.0189699605731912 -0.0206480859546184
locus_160300.02 0.286662322235674 0.0904474003160423 -0.0473287707610621
locus_160562.04 -0.142955670302399 -0.119212954631779 0.0115468597768109
locus_160710.04 0 0 0
locus_160800.02 -0.263836291279184 -0.0587348117265366 -0.0173811919439384
locus_160889.02 0.203759223647819 0.0288733607235554 -0.0489258063182686
locus_160942.03 0 0 0
locus_161051.01 0.277223172045457 0.109839470482092 -0.0900449255414764
locus_161213.02 0.244362475808493 0.074170349692363 -0.0175230793918542
locus_161501.04 0 0 0
locus_161676.03 -0.0933762763211987 -0.0918008126765163 0.176409150134585
locus_161685.04 0.273167711584326 -0.171299974138142 -0.0473909704313891
locus_161754.01 0.263836291279184 0.0587348117265366 0.0173811919439384
locus_162271.03 -0.0905167332515243 0.0251709863591019 0.0318446555724558
locus_162413.02 0.180407935146679 0.136797270472659 -0.0193840157824171
locus_162576.03 -0.230855949509741 0.0573150972573726 -0.0469981689579676
locus_162799.01 -0.158897298729783 -0.0620734313173583 0.0264973907616304
locus_162875.03 0 0 0
locus_163458.03 -0.115715037786458 0.0449618683517706 -0.0243066721573975
locus_163513.04 -0.244362475808493 -0.074170349692363 0.0175230793918542
locus_164451.01 0.257857268414871 -0.054745779476271 -0.0329710630103386
locus_164485.01 0.29598944185732 -0.12257823864902 0.021614112536951
locus_164670.04 0 0 0
locus_164757.02 0.148652005521195 0.153852369255984 -0.00343617919371978
locus_164798.02 0.193942408569688 0.133327122688292 0.0126087531966722
locus_164895.01 -0.151570707231448 -0.142994111988117 0.0103182668651409
locus_165564.03 -0.201038786242222 -0.0170656228068051 0.0764439699195339
locus_165873.04 -0.200625290509301 -0.000113416946733774 -0.115416789553408
locus_165924.03 0 0 0
locus_166567.04 -0.187265245904813 -0.00709593365328402 0.128798931565877
locus_166850.04 0 0 0
locus_166908.01 0.196825595040062 0.0408772557144741 0.134286641016066
locus_167076.01 0.277223172045457 0.109839470482092 -0.0900449255414764
locus_167110.01 0.254030378968132 -0.12975875534877 -0.0666688109111519
locus_167721.02 0.275751196058616 0.117979877108697 0.0420798719646474
locus_167943.04 0 0 0
locus_168116.04 0 0 0
locus_168782.04 0 0 0
locus_168883.03 0 0 0
locus_168966.03 0.125826891311118 0.143490115776544 0.0148331321680164
locus_169319.02 0.304821560084065 -0.143578829583584 0.0235955567372371
locus_169385.02 0.258506382452301 -0.163952387402862 -0.0241234175255421
locus_169392.02 0.263619577723333 -0.195974245981931 0.0244865398456018
locus_169578.04 0 0 0
locus_169581.04 -0.230359265193362 -0.0161143350137042 0.0720824382914226
locus_169766.04 0 0 0
locus_170126.02 0.240184512539585 0.12435031075489 0.00512581389858977
locus_170253.04 0 0 0
locus_170484.04 -0.314980449846816 0.117178321182436 0.0534609607823297
locus_170538.02 -0.199918105071432 -0.134911286319476 -0.0523144613325292
locus_170546.01 0.0905167332515243 -0.0251709863591019 -0.0318446555724558
locus_170556.04 0 0 0
locus_170603.04 0 0 0
locus_170705.02 0.248593430406225 -0.0225670797474342 -0.0549077003991958
locus_170750.02 -0.322219676497282 0.13947934774636 -0.0261423812057895
locus_170992.04 0 0 0
locus_171868.04 0 0 0
locus_172218.04 0 0 0
locus_172298.02 0.223505989668395 0.00710915909642265 -0.0138066494163487
locus_172348.02 0.114932005440725 0.12820515361866 -0.161383126873147
locus_172379.04 0 0 0
locus_172743.01 0.271388634140099 -0.0923127643375536 -0.0142959049944358
locus_172872.03 0 0 0
locus_173221.03 0.187508058167502 0.095703704576398 -0.0118510746992875
locus_173252.02 -0.13688197994046 -0.135603118311455 -0.030144966049155
locus_173260.04 -0.310566790101724 0.160777024203582 -0.0192813607348789
locus_173288.01 0.216023855664968 -0.0380334459557422 0.0239129657350258
locus_173306.04 0 0 0
locus_173725.03 0 0 0
locus_174035.04 0 0 0
locus_174185.04 -0.333914616683057 0.118930850451113 0.0129224480185743
locus_174213.01 0.321257766039235 -0.103099278689159 -0.00341409019969156
locus_174230.04 -0.158227408125098 -0.125828314764474 -0.0238633903616479
locus_174340.04 0 0 0
locus_174541.02 0.175261786414869 0.116718286341871 -0.0111183889457241
locus_174557.01 0.0451762062705248 0.0550094370743877 0.00111123413316396
locus_174719.04 -0.319509661459382 0.0378278157086573 0.00674710767439304
locus_175033.01 0.24190002249135 -0.0198141668627238 -0.0197138319412608
locus_175044.03 -0.165889794558971 -0.118900945572833 0.0254944759160502
locus_175052.03 0 0 0
locus_175056.03 0 0 0
locus_175117.02 0 0 0
locus_175289.04 -0.248637790643223 -0.0399561954033487 0.0892002086510169
locus_175324.01 0.280669985179045 -0.0726953203560013 0.0890877813245829
locus_175333.03 0 0 0
locus_175575.03 0.274630113882976 -0.0732448505434615 0.00247646367682731
locus_175603.04 -0.242674681203907 0.0717162056612636 -0.0731166984725142
locus_175653.04 0 0 0
locus_176065.03 0.159335384812152 0.111635715184956 0.00172492136426568
locus_176369.02 0.249529633249473 -0.0824412474244111 -0.0553643533193748
locus_176563.02 0 0 0
locus_176636.02 0.102250045620498 -0.0170636549385249 0.0383111633682953
locus_176671.03 0 0 0
locus_177050.03 -0.222233357254935 -0.0316436592109908 0.00667120460405023
locus_177583.01 0.269765441123175 -0.00981582786801347 -0.147888308661357
locus_177684.02 0.0451762062705248 0.0550094370743877 0.00111123413316384
locus_177973.03 0 0 0
locus_178000.03 0.195675208412209 0.122586853350736 0.0413070680829885
locus_178287.04 0.25186723169447 -0.196504278567806 0.0137677548656902
locus_178318.01 0.277223172045457 0.109839470482092 -0.0900449255414764
locus_178741.04 -0.185309912431031 -0.0112194185397647 0.0641012460946433
locus_178855.04 -0.159313320406748 -0.0822145128593674 -0.129322662492564
locus_178909.04 0 0 0
locus_178992.04 0 0 0
locus_179289.02 -0.165889794558971 -0.118900945572833 0.0254944759160502
locus_179439.04 0 0 0
locus_179653.02 -0.169259100534862 -0.0316479426250076 -0.123523124393157
locus_179665.04 0 0 0
locus_179765.02 -0.110899881265499 0.0789381892459966 -0.107067828341761
locus_179770.02 0.321077696380712 -0.143672935195511 0.0280782292690624
locus_179835.04 -0.17845266244812 -0.0224777848228911 0.0284080181592859
locus_179839.04 -0.230260707237425 -0.0501133683979102 0.141369913473367
locus_180270.04 0 0 0
locus_180292.02 0.204676060635435 0.0377683447938114 0.135654098305584
locus_180425.01 0.258658625979191 0.0928348826408892 0.118827002465995
locus_180482.01 0.15104081306194 0.114727894608215 0.00493411950585782
locus_180563.01 0.199130116976703 0.135597511883725 0.0582124359959795
locus_180594.02 -0.276406566712677 -0.0743704830654651 0.0828953263944772
locus_180632.04 0 0 0
locus_180648.03 0.16536226912889 0.113055817350312 0.00260716723976411
locus_180934.04 0 0 0
locus_180972.02 0.321077696380712 -0.143672935195511 0.0280782292690624
locus_180994.02 -0.200111778788635 -0.115895715054509 0.0404180281913121
locus_181008.04 0 0 0
locus_181077.03 0 0 0
locus_181208.03 0 0 0
locus_181259.01 0.188245120281203 -0.0585555294706417 -0.0113765665622522
locus_181396.03 -0.341956033245253 -0.0844990807624471 -0.078938580670885
locus_181473.04 -0.321077696380712 0.143672935195511 -0.0280782292690624
locus_181615.01 0.23847297736843 0.0642459045685989 -0.133912700044482
locus_181671.03 0 0 0
locus_181778.04 -0.254761689334877 -0.0628792622076816 0.0191592456780901
locus_181786.01 0.259425636655793 -0.125572650531455 -0.109107892822453
locus_181883.03 0 0 0
locus_181937.04 0.214587106500138 0.118859370682457 0.045211486485974
locus_181953.01 0.175261786414869 0.116718286341871 -0.0111183889457241
locus_182001.02 0.262662864226178 0.0900859610150214 0.116891763112935
locus_182141.03 -0.147276267491185 -0.135706912321269 0.0462184901075386
locus_182368.02 0.185175769348098 -0.00784384212916943 -0.0305796951969294
locus_182400.03 -0.266102384605907 0.194279766489582 -0.0245159785682935
locus_182558.04 -0.168065005759023 -0.109448911638842 -0.00359487752520335
locus_182583.03 0 0 0
locus_182849.03 0.216023855664968 -0.0380334459557422 0.0239129657350258
locus_183063.03 0 0 0
locus_183163.03 -0.103685925697214 -0.0903459710127715 0.162687611538591
locus_183243.02 0.312023437602807 0.0906577430363879 -0.0439935964134008
locus_183281.02 -0.153902022007019 0.041176037544119 -0.0712372991416765
locus_183646.02 0.263836291279184 0.0587348117265366 0.0173811919439384
locus_183737.01 0.304821560084065 -0.143578829583584 0.0235955567372371
locus_183749.01 0.244362475808493 0.074170349692363 -0.0175230793918542
locus_183968.04 0 0 0
locus_184036.02 -0.284548178309544 0.0817067702502147 -0.119398562611529
locus_184261.03 0 0 0
locus_184274.04 -0.285709641112337 0.135044321402291 0.0656544803655185
locus_184502.03 -0.269966047256129 -0.0667892859266907 0.0347422582028981
locus_184528.04 0 0 0
locus_184568.03 0 0 0
locus_184576.03 0.166616803041604 0.158316453010249 -0.0189720032854259
locus_184655.01 0.148652005521195 0.153852369255984 -0.00343617919371978
locus_184664.01 0.277703732331911 0.103629620704062 -0.0935188202383625
locus_184973.03 0.227482172629742 0.106431628214795 0.0109753928884636
locus_184992.02 0.185954981013865 0.115186777152167 0.0191378606834274
locus_185008.03 -0.176553676271956 -0.0355454468780413 0.197259441768254
locus_185042.02 0 0 0
locus_185109.03 0.263836291279184 0.0587348117265366 0.0173811919439384
locus_185277.01 0.303169893217111 -0.103322967940073 -0.0685145107883927
locus_185371.04 0 0 0
locus_185551.02 0.139513133172814 0.012890745393627 0.146618338728231
locus_185798.04 0 0 0
locus_185976.03 -0.244362475808493 -0.074170349692363 0.0175230793918542
locus_186029.03 0 0 0
locus_186191.01 0.254163894819395 0.0327481641874191 0.094547040730022
locus_186260.01 0.29647606949785 -0.161961228080731 0.0242175540504715
locus_186304.01 0.282976145709487 0.0281859806208951 0.0615714259729798
locus_186523.04 0.168065005759023 0.109448911638842 0.00359487752520335
locus_186657.03 0 0 0
locus_186676.04 0 0 0
locus_186717.04 -0.269837708577736 0.16639404952097 -0.0423579429227899
locus_186797.01 0.297056535079745 -0.15433426335407 -0.0192189691334029
locus_186810.01 0.297929544839894 0.0532431466026861 0.0835145890484214
locus_186885.03 0.189847725492048 -0.0638281575940956 0.149554256664819
locus_187056.02 0.321077696380712 -0.143672935195511 0.0280782292690624
locus_187291.03 -0.244362475808493 -0.074170349692363 0.0175230793918542
locus_187395.03 0 0 0
locus_187549.04 -0.0358549846819322 -0.0766296181637979 0.00686603508328543
locus_187662.01 0.279125430268287 -0.16967188765006 -0.0176718141994543
locus_187813.03 0 0 0
locus_187927.04 0 0 0
locus_188252.03 0 0 0
locus_188366.03 -0.205324217251871 0.101593700598774 -0.0296418524656939
locus_188437.04 0 0 0
locus_188464.03 -0.274362758105884 0.00377497221789784 0.186980896271484
locus_188468.03 -0.258491892301743 0.0387681421304339 0.145354654780636
locus_188714.03 0 0 0
locus_188859.01 0.292288291946856 -0.186011025436332 0.0288807695591987
locus_189485.04 -0.168065005759023 -0.109448911638842 -0.00359487752520328
locus_189519.03 -0.321077696380712 0.143672935195511 -0.0280782292690624
locus_189526.04 0 0 0
locus_189712.04 0 0 0
locus_189877.03 0 0 0
locus_190326.03 -0.164586828937491 0.163100756068075 0.000912690275855162
locus_190502.04 0 0 0
locus_190535.03 0 0 0
locus_190560.02 0.225167515396458 0.0795951542592179 0.0237772624340141
locus_190842.04 0 0 0
locus_190929.02 0.151570707231448 0.142994111988117 -0.0103182668651409
locus_191190.01 0.241963746770284 -0.194346092879766 -0.0199089066166441
locus_191252.01 0.032340853536557 -0.311684750894502 0.062405244312248
locus_191653.03 0 0 0
locus_191722.03 0.279512256272363 -0.195589182513445 0.0286831322487375
locus_191861.04 -0.266102384605907 0.194279766489582 -0.0245159785682935
locus_191898.04 0 0 0
