snp RDA1 RDA2 RDA3
locus_93.02 7.58621403459332e-15 -4.77956916756101e-15 5.96476004464773e-16
locus_119.01 -0.100855162735064 -0.00224701534573647 0.0213705951511891
locus_227.01 5.28982663913062e-15 1.77826240753449e-15 -2.30777942290166e-15
locus_244.04 0.250005701128804 0.0427768578280187 0.111462321712282
locus_396.01 6.90639896976145e-30 2.74680643378479e-30 1.31557171947216e-29
locus_606.02 0.273123929435183 -0.124214354072309 0.0320867428353331
locus_1202.04 0.0300838057101177 -0.0443109448853839 0.00773483535830107
locus_1347.01 -0.15003291738813 -0.105999785313195 -0.027617146607615
locus_1834.04 0.0932566229069574 -0.0423328495607896 0.0417314741311571
locus_2192.03 0.199747548983714 -0.0300093077546849 0.0308711912669641
locus_2196.02 -0.0502800370462463 0.057874101929732 -0.040747313555434
locus_2218.01 -0.301229020702616 0.123522846169405 -0.0281837117379891
locus_2261.01 -0.0217628405346379 0.0414902460167365 -0.00562880376155432
locus_2283.02 -0.167880291448243 0.0394133340381636 -0.127616513145846
locus_3332.03 0.0480078850723158 0.0506614273296172 0.0129006826465606
locus_4558.01 -0.257498690635819 -0.0287146345943334 -0.0708814031814978
locus_4658.02 0 0 0
locus_4759.01 -0.301229020702616 0.123522846169405 -0.0281837117379891
locus_4790.01 0 0 0
locus_4827.03 0.286477403065173 -0.123459726851124 0.0230591232624383
locus_4865.04 0.286477403065173 -0.123459726851124 0.0230591232624383
locus_5223.04 0.252954784309348 -0.171461798688767 0.0151190176011783
locus_5238.01 -0.286477403065173 0.123459726851124 -0.0230591232624383
locus_5242.02 -0.192167735411914 -0.114574786061445 -0.0488690334274804
locus_5306.02 -0.157203225503187 -0.114799968757975 -0.0155118366933125
locus_5322.01 -0.143578146969504 -0.10773343973966 -0.0303364391317364
locus_5325.01 -0.301229020702616 0.123522846169405 -0.0281837117379891
locus_5327.01 -0.252954784309348 0.171461798688767 -0.0151190176011783
locus_5345.04 0.0775422940696468 -0.0141630644155612 -0.0285304278529232
locus_5353.02 0.0626455799237658 -0.0566252400365387 0.106508894097276
locus_5456.02 -0.301229020702616 0.123522846169405 -0.0281837117379891
locus_5482.03 0 0 0
locus_5490.04 0.178105440858124 0.10971357425077 0.0394164287577266
locus_5509.04 0.286477403065173 -0.123459726851124 0.0230591232624383
locus_5611.03 0 0 0
locus_5646.02 0.030398562926055 -0.109864393444365 0.0610251100646534
locus_5874.03 -0.146014132081488 0.0119023546300361 0.0106853839262927
locus_7042.01 -0.19353016273803 -0.0189579648441236 -0.0176778999250453
locus_7915.03 0.197389752720547 -0.0396943561951055 0.0273369058103648
locus_9877.02 -0.252954784309348 0.171461798688767 -0.0151190176011783
locus_10639.01 0 0 0
locus_11086.02 -0.211133022023729 0.137017132787656 0.0443891390313241
locus_13410.01 0 0 0
locus_14755.01 -0.209849958631917 0.104697599263258 0.040091276799468
locus_14913.03 0.149263274608976 -0.129415408477762 -0.0693316415111608
locus_15145.01 0 0 0
locus_15328.03 0.0441314322179499 -0.0332965121705511 0.0102584101999424
locus_15370.03 0.12723803801451 -0.12739908460365 -0.217527424128024
locus_15733.01 0 0 0
locus_16576.03 0.250005701128804 0.0427768578280187 0.111462321712282
locus_16679.01 -0.109338128633813 -0.104607578146421 0.136650941099419
locus_17543.04 0.219100311519548 -0.124667146174267 -0.00133077929619825
locus_17699.02 -0.257785052715492 -0.0127125422475633 0.0607873927666151
locus_17772.04 0.286477403065173 -0.123459726851124 0.0230591232624383
locus_17827.01 -0.0893072126590489 0.0357059146013071 -0.0942573170142617
locus_17862.04 0.0583875591266468 -0.0508058304602586 0.0148875371782127
locus_17887.04 0.252954784309348 -0.171461798688767 0.0151190176011783
locus_18687.02 -0.15003291738813 -0.105999785313195 -0.027617146607615
locus_19932.01 -0.223275290971381 -0.0791448254644963 -0.00873238513955965
locus_20513.04 0.232911208691619 0.0570739171152914 -0.060878808159589
locus_21155.02 -0.0520015958743138 -0.169388388949451 -0.0316327738886318
locus_21802.01 -0.223275290971381 -0.0791448254644963 -0.00873238513955965
locus_22015.03 0.265614595635689 0.0359217060021673 -0.0723985586827748
locus_22130.04 0.171802115204083 0.08693736260848 -0.0770394810466552
locus_22195.02 -0.286024073570138 -0.117266774514474 -0.000146014731288564
locus_22287.04 0.218790282286722 -0.0143489827689736 -0.0279291184051033
locus_22402.03 0.0677321768505958 0.0787326331481974 0.00702610983373265
locus_22869.04 0.223607843629575 -0.0457075142403808 -0.0363470252733935
locus_23680.03 0.267793672286779 -0.100859753399726 -0.0540799466153963
locus_23869.03 0.132725137470871 -0.0285917156947794 0.0896234691863598
locus_23911.02 -0.223275290971381 -0.0791448254644963 -0.00873238513955965
locus_23975.03 0.140391525227567 0.0349399007991289 0.131664346380076
locus_24044.04 0.18153368137382 -0.119999906908209 -0.0578715568366468
locus_24054.02 0 0 0
locus_24134.02 0.111127719513172 0.0912192075210215 0.0441988578500679
locus_24944.03 0.163803441102777 -0.0242899055933458 0.000108688457635547
locus_25654.02 0 0 0
locus_26017.01 -0.145743227654036 -0.0604267258473713 0.0952314327091476
locus_26600.04 0.139430250921157 -0.013263964122499 0.0562844670915345
locus_27408.04 0.2760599202291 -0.0174247014436479 0.0241918830373442
locus_27439.02 0 0 0
locus_28113.02 0.111127719513172 0.0912192075210215 0.0441988578500679
locus_28772.04 0.0353120809920281 -0.0316820988984467 0.00811614567700723
locus_29887.02 -0.25621346461313 -0.122277325906497 0.0511209364518081
locus_29906.03 0 0 0
locus_31264.02 0.263322114111157 0.0994067861166269 -0.0138357180224856
locus_31483.02 0.00993800361691249 0.0856131692076814 -0.0223339655277211
locus_32016.03 0.145439326552898 0.0660767780431916 -0.00642107332220126
locus_33590.01 -0.223410233390336 0.0357332267661598 -0.0440234516255154
locus_34096.02 0 0 0
locus_34249.04 0.300044963753379 -0.0765947507210143 0.0186587321667515
locus_36102.01 0 0 0
locus_37927.03 -0.306018839771813 -0.0311729693814316 0.102711701514403
locus_38170.02 -0.160524467336831 -0.019383917155951 -0.0109057219918872
locus_39277.04 0.25621346461313 0.122277325906497 -0.0511209364518081
locus_39499.02 -0.188385339593473 -0.0259267293547797 -0.0120894157572074
locus_40608.03 0.192579388626229 -0.0107014302278162 0.0964621101921884
locus_40698.01 0 0 0
locus_43636.01 0.142811698440971 0.15145650429211 0.0371810332029788
locus_44038.03 -0.0344387920467739 0.0343514547307186 -0.138311327500547
locus_44377.01 -0.189644033176518 -0.0401447197397875 0.0282433020021766
locus_44793.02 -0.201837667996607 0.0639828759299474 -0.00177659098235365
locus_45147.02 -0.243629043121692 0.0549968244170832 -0.00917050665630155
locus_45451.04 0.146857846517054 -0.0595084285421091 0.0695888378291594
locus_46261.04 0.0486912242717573 -0.0677571985725927 0.104470211412119
locus_46389.03 0.0960630695767614 -0.0376558041912215 0.148505910832159
locus_46822.01 0 0 0
locus_46841.03 0.141984234760264 0.107923213167298 0.025623461903448
locus_46905.03 0.252954784309348 -0.171461798688767 0.0151190176011783
locus_47043.02 0 0 0
locus_47126.01 -0.252954784309348 0.171461798688767 -0.0151190176011783
locus_47197.03 -0.0713822689723278 -0.110050864052003 0.0101912700880847
locus_47201.03 0.158405596544057 -0.0918449730399742 0.0696731885145905
locus_47205.04 0.0486912242717573 -0.0677571985725927 0.104470211412119
locus_47208.03 0 0 0
locus_47379.04 0.202083679585533 0.111837793916122 0.0512646810960614
locus_47737.04 0.284767167841697 -0.122969861663878 -0.000505372008626804
locus_47901.01 -0.252954784309348 0.171461798688767 -0.0151190176011783
locus_48201.02 0 0 0
locus_48481.02 0.258975993709856 0.0387215284678735 0.113258138354112
locus_48495.02 -0.0353120809920281 0.0316820988984468 -0.00811614567700723
locus_48516.02 0.15003291738813 0.105999785313195 0.027617146607615
locus_48656.03 0.145737732718096 -0.124139633936533 0.133720257665961
locus_48796.02 0.290023541063349 0.0398172723011109 -0.000740367684331298
locus_48818.02 -0.109304647308704 0.0278635347470361 -0.150401626574554
locus_49167.01 -0.271139109316431 -0.0478120095649366 -0.0730272018153131
locus_49194.02 0 0 0
locus_49231.04 0.272380340050717 -0.105375128426763 0.0644816176688824
locus_49282.03 -0.21588836075292 0.0909904096424293 -0.00702679126057338
locus_49349.02 -0.114226980544912 0.0412768013316542 -0.158400970506413
locus_49521.03 -0.239922808804418 -0.0612626259847526 -0.0399972160748631
locus_49668.04 0.247566935636482 -0.105126045015955 -0.080446070925839
locus_49753.02 0.247967983182489 0.137956171373803 0.0419362642394537
locus_49976.01 -0.263196951353709 0.140520958647623 0.0473850803834483
locus_50003.03 0.187817539872501 0.0358876395489556 -0.0439493880793566
locus_50059.04 -0.147792010706478 -0.126583998550667 -0.0326890008039468
locus_50088.04 0.0828971445699783 -0.0592779620282944 0.109753335714672
locus_50574.04 0 0 0
locus_50590.03 0.299152060425853 0.0138108131242321 -0.0537424484595976
locus_50647.03 0 0 0
locus_50660.01 -0.092305959862799 -0.110026553607746 0.144110999794568
locus_51020.01 0 0 0
locus_51328.03 0.119184379639157 0.0599826611147198 -0.129147738055381
locus_51474.03 0.19700785276241 -0.0631026448093075 -0.0446211196067807
locus_52534.04 0.316420453487438 -0.0881824382114029 -0.0103072758972002
locus_52538.03 0 0 0
locus_52895.02 -0.0980467200820434 -0.0833767353716722 0.00178517061801839
locus_53317.04 0.202281207140472 -0.00116460271275019 -0.10895052965034
locus_55789.01 0 0 0
locus_56540.01 0 0 0
locus_56623.01 -0.232911208691619 -0.0570739171152914 0.0608788081595889
locus_56831.03 0.232911208691619 0.0570739171152914 -0.060878808159589
locus_57486.02 0 0 0
locus_57647.03 0.197389752720547 -0.0396943561951055 0.0273369058103648
locus_57736.04 0.26168103159718 -0.0661891149238041 0.0438965985855527
locus_58343.02 -0.233688546859692 0.00460165205558498 0.0372862985612944
locus_58484.01 0 0 0
locus_58535.02 -0.258050082967077 -0.0197048151195848 0.119468996245429
locus_58614.03 0.232020544284346 -0.0287703335637128 0.0374449698383601
locus_58758.01 -0.0537495652310425 0.0549142270622662 -0.10396807513402
locus_59169.04 0.232911208691619 0.0570739171152914 -0.060878808159589
locus_59179.01 0 0 0
locus_59189.02 -0.25621346461313 -0.122277325906497 0.0511209364518081
locus_59251.04 0.223010793284078 -0.0661752141456113 0.07340660198276
locus_59285.02 -0.293211356170199 0.132329889664819 0.119491817203123
locus_59496.02 0 0 0
locus_59720.03 0.0364948038915211 0.0792301299206098 0.00686406068917823
locus_60025.03 0.132917416476701 -0.0263924806964924 0.025155523334506
locus_60187.01 -0.239922808804418 -0.0612626259847526 -0.0399972160748631
locus_60318.04 0.133258513749317 -0.125760851627187 -0.0434861738006216
locus_60378.02 0 0 0
locus_60416.03 0.301229020702616 -0.123522846169405 0.0281837117379891
locus_60441.02 -0.191111577245582 0.14271937744875 -0.0270913715879022
locus_60521.03 0.166806819454597 0.125196490095542 0.0281286839355723
locus_60660.01 -0.30821687883276 0.0841381983419659 0.00675937382261084
locus_60900.04 0 0 0
locus_61934.01 -0.0980467200820434 -0.0833767353716722 0.00178517061801839
locus_62017.01 -0.223275290971381 -0.0791448254644963 -0.00873238513955965
locus_62042.01 -0.265614595635689 -0.0359217060021673 0.0723985586827747
locus_62107.03 0.189644033176518 0.0401447197397875 -0.0282433020021766
locus_62702.02 -0.223275290971381 -0.0791448254644963 -0.00873238513955965
locus_62736.01 0 0 0
locus_62784.02 -0.251515933783197 0.120164281040565 0.0412311629449776
locus_63026.02 0.0553173310839638 -0.027915671678618 0.0423943511480543
locus_63359.02 0 0 0
locus_63540.01 -0.224577757318223 0.0610908477027468 0.0582635878675376
locus_63627.03 0.123581492818221 0.00877120361913157 -0.0148174358828295
locus_63708.01 -0.223275290971381 -0.0791448254644963 -0.00873238513955965
locus_63791.02 -0.254701898405671 0.050403294822821 0.000438305987025778
locus_63814.03 0.0440681058813398 0.102754960660813 0.0224786502907374
locus_63859.04 0.159769378609395 0.00801183720211362 0.011868460440003
locus_64065.03 -0.139682333050318 -0.118958579340027 -0.00660875602919074
locus_64240.03 0.0870085888967395 0.0526134924666002 0.0542755989970587
locus_64281.03 0.0950374256932302 -0.00376343102052919 0.0429453070634292
locus_64400.02 -0.214293729699856 0.0021993887383563 0.0725660159746426
locus_64564.02 -0.233688546859692 0.00460165205558498 0.0372862985612944
locus_65010.02 -0.223275290971381 -0.0791448254644963 -0.00873238513955965
locus_65026.03 -0.223275290971381 -0.0791448254644963 -0.00873238513955965
locus_65495.02 0 0 0
locus_65981.04 0.248240816980432 0.0755093526371143 -0.0063246513591389
locus_67637.04 0.223275290971381 0.0791448254644963 0.00873238513955965
locus_67991.01 -0.225028569142143 -0.0846611484700091 0.0994268599974981
locus_68149.02 0.223275290971381 0.0791448254644963 0.00873238513955965
locus_68488.03 0.223275290971381 0.0791448254644963 0.00873238513955965
locus_68672.04 0.127711556976677 -0.0980795520378336 0.033962595393172
locus_68677.04 0.273817182198797 0.0939106503630879 -0.0197723978421273
locus_69288.01 -0.223275290971381 -0.0791448254644963 -0.00873238513955965
locus_69345.01 0 0 0
locus_69355.02 -0.189644033176518 -0.0401447197397875 0.0282433020021766
locus_69443.02 -0.231033843218131 -0.0530380740007228 0.0641638201857531
locus_70113.04 0.223275290971381 0.0791448254644963 0.00873238513955965
locus_70139.04 0.265151635808539 -0.172702643972622 0.0196223889497031
locus_70343.03 0.179196298291343 -0.0596429807712217 0.026731833282319
locus_70498.02 -0.268253970673634 -0.0436966477682827 -0.0829457305678021
locus_70547.01 -0.111537590166273 -0.156873649933854 -0.030936544192637
locus_70855.04 0.254368194333887 0.0545994785374075 -0.0107534853904229
locus_71122.03 -0.265614595635689 -0.0359217060021673 0.0723985586827747
locus_71152.02 -0.267810566676973 -0.0490502661885881 -0.102019206248204
locus_71154.04 0.127229411522282 -0.128287474620074 -0.0573030227767557
locus_71496.04 0.0337528924759423 0.0393203894229618 0.0244792536106471
locus_71598.02 0 0 0
locus_71822.02 -0.223275290971381 -0.0791448254644963 -0.00873238513955965
locus_71897.04 -0.266466433731004 -0.030235962292668 0.0767834088472372
locus_72029.01 -0.0980467200820434 -0.0833767353716722 0.00178517061801839
locus_72174.01 0 0 0
locus_72438.03 0.239922808804418 0.0612626259847526 0.0399972160748631
locus_72632.04 0.259066850266569 0.117712458380201 -0.0655492831576697
locus_72936.02 -0.259941808418842 0.0974729064882336 0.0983131343266624
locus_74005.01 -0.25621346461313 -0.122277325906497 0.0511209364518081
locus_74064.02 -0.223275290971381 -0.0791448254644963 -0.00873238513955965
locus_74088.04 0.170857125049848 -0.154224505240238 -0.0624561911756519
locus_75005.04 0.127357617498617 -0.015927798557439 0.011284980689337
locus_75328.02 0 0 0
locus_75450.03 0.0980467200820434 0.0833767353716722 -0.00178517061801839
locus_75725.03 0.259066850266569 0.117712458380201 -0.0655492831576697
locus_75948.02 -0.223275290971381 -0.0791448254644963 -0.00873238513955965
locus_75968.02 0 0 0
locus_76049.03 0.197389752720547 -0.0396943561951055 0.0273369058103648
locus_76080.04 0.200571119934673 -0.0499717416850318 0.028559122061869
locus_76405.03 0.188078695291316 0.101312588657496 -0.1251318144171
locus_76513.01 0 0 0
locus_76606.01 -0.189644033176518 -0.0401447197397875 0.0282433020021766
locus_76664.04 0.263322114111157 0.0994067861166269 -0.0138357180224856
locus_76729.01 -0.0793442280481159 0.0198094104062695 -0.0456923954509544
locus_76907.03 0.0505515049124709 0.0751221348254518 0.0570047315291452
locus_77559.01 0.127895119069116 0.131288992961724 -0.00690496434593933
locus_77791.04 0.295687761911337 -0.0625513067098539 -0.0964623858140575
locus_77906.01 -0.197389752720547 0.0396943561951055 -0.0273369058103648
locus_78484.04 0.118431661260073 -0.0294620703450361 0.153135517270547
locus_78515.02 0 0 0
locus_78601.01 -0.100744137570614 0.00905672020697955 -0.0246639943548281
locus_78602.01 0.153159545157624 0.127772014568237 0.0629585216063319
locus_78804.02 0.202148619461623 0.0807778601187567 0.0142458978380062
locus_79085.01 -0.25960745357481 -0.112447845352868 -0.0103204261476638
locus_79133.01 -0.182652167980017 -0.0211447754794671 -0.057465505029708
locus_79175.02 0.157904302799686 0.114994620547192 0.0370403239396993
locus_79229.02 -0.287660047902089 0.0910628388888078 0.0738273937526142
locus_79290.02 -0.0353120809920281 0.0316820988984467 -0.00811614567700723
locus_79329.02 -0.257019182735838 -0.0624334568463464 -0.0215788548792848
locus_79611.03 0 0 0
locus_79662.03 -0.084852265482665 0.0168633020828424 0.00619424124447568
locus_79828.02 -0.233666161012362 0.108954354533672 -0.136652447758867
locus_79893.01 0 0 0
locus_79992.03 0.210884598657353 -0.0079248980162631 -0.0982990386408409
locus_80071.01 -0.288718125542614 0.0851444783511264 0.0442548902899966
locus_80227.01 -0.252954784309348 0.171461798688767 -0.0151190176011783
locus_80326.03 0 0 0
locus_80339.04 0.239922808804418 0.0612626259847526 0.0399972160748631
locus_80388.03 0.141984234760264 0.107923213167298 0.025623461903448
locus_80507.04 0.24302396386818 -0.150365002089176 0.0647056276480691
locus_80555.02 -0.0391724822128309 -0.0519281871850009 -0.0107474769898929
locus_80580.01 -0.29318468084757 -0.0465101888162459 0.153159403991154
locus_80616.02 0.258975993709856 0.0387215284678735 0.113258138354112
locus_80641.03 0.286477403065173 -0.123459726851124 0.0230591232624383
locus_80654.02 0.116280855309666 0.107982400539903 0.0649723314272814
locus_80873.03 -0.282013354358356 0.15780956961084 -0.0179266523293709
locus_80954.02 -0.263507399432063 0.12006633068727 0.0220876269593414
locus_80974.01 -0.314345479970115 0.0951530825823801 0.00544873859141232
locus_81024.04 -0.163601309453557 -0.126579164557222 -0.0100705606706809
locus_81030.02 -0.246943766930181 -0.0311895376672463 -0.0683915096402751
locus_81061.01 -0.263507399432063 0.12006633068727 0.0220876269593414
locus_81138.03 0.267793672286779 -0.100859753399726 -0.0540799466153963
locus_81213.04 0.0626455799237659 -0.0566252400365386 0.106508894097276
locus_81251.02 -0.30130746561382 0.0420064540471103 0.0589411271855214
locus_81509.04 0.108748105361838 -0.0787773806619045 0.0831709773436403
locus_81777.01 0 0 0
locus_81873.04 0.223275290971381 0.0791448254644963 0.00873238513955965
locus_82124.02 -0.232911208691619 -0.0570739171152914 0.0608788081595889
locus_82435.02 -0.0397272562310273 0.0699814347179337 -0.119761202762282
locus_82770.02 -0.226436095614452 -0.0710213742508592 -0.00992442970147595
locus_82829.01 -0.176074973272208 -0.0641620026535556 0.101824018041625
locus_82880.01 0.0363968721517941 0.0586768257447185 0.107504436232199
locus_82973.03 0.252954784309348 -0.171461798688767 0.0151190176011783
locus_83177.04 0.199608440028463 0.0255253351502743 -0.0350191185251376
locus_83862.01 -0.0537495652310425 0.0549142270622662 -0.10396807513402
locus_84082.03 0.301229020702616 -0.123522846169405 0.0281837117379891
locus_84282.02 -0.0500133233154186 -0.0643994827449145 -0.0384029593437161
locus_84670.02 -0.0380469430960115 -0.194311901068596 0.0611785220327853
locus_85146.04 0.25621346461313 0.122277325906497 -0.0511209364518081
locus_86646.01 0 0 0
locus_87036.01 -0.252954784309348 0.171461798688767 -0.0151190176011783
locus_87087.02 0 0 0
locus_87440.02 -0.246332554204701 0.0632971938474724 -0.00596427933377991
locus_87495.04 0.29653485758605 0.0207182563418663 -0.0236430901227124
locus_87647.02 -0.105441558786889 -0.0259844737610043 -0.134880660184225
locus_87698.04 0.298118145749622 0.0919307975551948 0.0455690724836342
locus_87954.03 0.223275290971381 0.0791448254644963 0.00873238513955965
locus_88560.01 0.131962254644142 0.177042325954567 0.120952444453715
locus_88715.01 -0.0999017886404101 -0.108290357379004 0.141684938377214
locus_89197.04 0.286477403065173 -0.123459726851124 0.0230591232624383
locus_89230.02 0.202083679585533 0.111837793916122 0.0512646810960614
locus_89272.01 0.213656298398888 0.0357998981269303 -0.0284072305402876
locus_89334.01 -0.0480078850723159 -0.0506614273296173 -0.0129006826465605
locus_91010.02 -0.223275290971381 -0.0791448254644963 -0.00873238513955965
locus_91135.01 -0.237189742676139 0.0622449109190138 -0.0827362814107254
locus_91294.02 0 0 0
locus_91803.03 0.223275290971381 0.0791448254644963 0.00873238513955965
locus_91847.03 0.223275290971381 0.0791448254644963 0.00873238513955965
locus_92207.01 0 0 0
locus_92363.03 0.270190382062422 -0.00960610122023266 0.01743958226678
locus_92779.04 0.197389752720547 -0.0396943561951055 0.0273369058103648
locus_92920.04 0.286477403065173 -0.123459726851124 0.0230591232624383
locus_93270.02 -0.0884297309180987 0.0269110358403563 -0.078446563737495
locus_93391.02 -0.100068358292005 -0.015877778631598 -0.0135413670876895
locus_93411.03 0.223275290971381 0.0791448254644963 0.00873238513955965
locus_93688.04 0.0717487577285327 0.0286196252031538 -0.00802371668173376
locus_93878.02 0 0 0
locus_93945.04 0.223275290971381 0.0791448254644963 0.00873238513955965
locus_93994.03 0.25621346461313 0.122277325906497 -0.0511209364518081
locus_94097.02 0.114949596926431 0.126994812103333 0.0330132109828168
locus_95111.03 0 0 0
locus_95229.01 -0.177504136854179 -0.116119041355129 0.166259639323513
locus_97187.03 0.175650841009292 0.0728505292038662 -0.0936529653335675
locus_99064.01 0 0 0
locus_99128.01 0 0 0
locus_99369.03 0.286477403065173 -0.123459726851124 0.0230591232624383
locus_99917.04 0.286477403065173 -0.123459726851124 0.0230591232624383
locus_100393.03 0.174283807908352 0.0252230868304355 -0.04550914786883
locus_100727.03 0.271900551121526 0.0129962161555877 -0.0586751401508528
locus_100729.02 0.223275290971381 0.0791448254644963 0.00873238513955965
locus_100879.02 0 0 0
locus_102400.02 -0.252954784309348 0.171461798688767 -0.0151190176011783
locus_102593.01 -0.293662566799701 -0.0483162040417153 -0.128858496434947
locus_103006.04 0.0353120809920281 -0.0316820988984467 0.00811614567700728
locus_104332.04 0.033979787417825 0.0400699592035304 0.0103904190853697
locus_105717.03 -0.301229020702616 0.123522846169405 -0.0281837117379891
locus_105990.01 0 0 0
locus_106011.02 0 0 0
locus_106025.04 0.303079498901111 0.100584776575175 0.0936787384897639
locus_106184.04 0.234189416205059 0.114386937861068 0.0509356998457384
locus_106331.04 0.223275290971381 0.0791448254644963 0.00873238513955965
locus_106537.03 -0.124417392754125 0.0527283510859169 0.102628307949861
locus_106893.02 -0.225028569142143 -0.0846611484700091 0.0994268599974981
locus_107674.02 0.223275290971381 0.0791448254644963 0.00873238513955965
locus_108834.04 -0.187412809914866 -0.108865345026393 -0.0596457958454707
locus_108863.03 0.122857024486741 -0.140910133439885 -0.219988442648374
locus_108928.01 -0.263322114111157 -0.0994067861166269 0.0138357180224856
locus_108960.03 0.199027878317225 -0.131912485614496 -0.108040135292107
locus_108966.03 0 0 0
locus_109015.02 -0.0862514249414683 -0.0610693942447934 0.0239054553520369
locus_109406.02 0.25621346461313 0.122277325906497 -0.0511209364518081
locus_109739.03 0.223275290971381 0.0791448254644963 0.00873238513955965
locus_110065.03 0.199183205499135 -0.104904821384228 -0.0402700169952936
locus_110122.04 0.19659503953079 -0.115473846309872 -0.0455682075430473
locus_110401.04 0.11504132866997 0.045066292785555 0.0270863026481803
locus_110571.04 0.108770208380758 0.123440617725307 -0.140583096522483
locus_110635.02 -0.235976871207999 -0.0589417452156486 -0.0953219126267802
locus_110646.02 0 0 0
locus_110943.02 -0.243374113044967 -0.0100931607565698 0.0404910886755789
locus_111064.02 -0.0391724822128309 -0.0519281871850009 -0.0107474769898929
locus_111169.01 0.126942509933805 0.148429395993506 0.00529537488126684
locus_111235.04 0.141984234760264 0.107923213167298 0.025623461903448
locus_111385.04 0.199747548983714 -0.0300093077546849 0.0308711912669641
locus_111428.04 0.132588602917498 0.0144851869741668 -0.00812005352706053
locus_111788.01 0 0 0
locus_111879.03 0.250005701128804 0.0427768578280187 0.111462321712282
locus_112244.01 -0.25621346461313 -0.122277325906497 0.0511209364518081
locus_112384.01 -0.223275290971381 -0.0791448254644963 -0.00873238513955965
locus_112545.01 0 0 0
locus_113031.04 0.223275290971381 0.0791448254644963 0.00873238513955965
locus_113406.02 -0.223275290971381 -0.0791448254644963 -0.00873238513955965
locus_113542.01 0 0 0
locus_113733.03 0.202734157047155 0.0119692349585583 0.0326631077329514
locus_114107.02 -0.223275290971381 -0.0791448254644963 -0.00873238513955965
locus_114199.02 -0.237189742676139 0.0622449109190138 -0.0827362814107254
locus_114271.01 0 0 0
locus_114470.01 -0.223275290971381 -0.0791448254644963 -0.00873238513955965
locus_114475.03 0.226149174773039 0.00190361327268934 -0.110101852053849
locus_114561.02 -0.223275290971381 -0.0791448254644963 -0.00873238513955965
locus_114863.03 -0.141600016977229 -0.0873860661724169 -0.0723478304898337
locus_115269.03 0.129275603769498 -0.0447383428518989 0.0502593319232924
locus_115339.02 -0.297050076421537 0.022132075956956 -0.00940369354506412
locus_115395.01 0 0 0
locus_115404.01 -0.033979787417825 -0.0400699592035304 -0.0103904190853696
locus_115552.01 -0.295687761911337 0.0625513067098539 0.0964623858140575
locus_115961.02 0.10813407267323 0.0954944702079462 0.0478496828442281
locus_116141.02 0.186347938563896 0.139148886194114 0.00254798021505048
locus_116354.02 -0.116280855309666 -0.107982400539903 -0.0649723314272814
locus_116530.03 0.120105842291521 -0.0222706339685814 0.0348980079267142
locus_116597.03 0 0 0
locus_117022.01 -0.281579640136684 0.115391586846369 0.017551750980055
locus_117130.01 -0.131565508771945 0.175502884473668 0.0619513482877238
locus_117167.01 -0.122857024486741 0.140910133439885 0.219988442648374
locus_117619.03 0.286477403065173 -0.123459726851124 0.0230591232624383
locus_118291.03 0.243374113044967 0.0100931607565698 -0.0404910886755789
locus_118307.02 -0.142811698440971 -0.15145650429211 -0.0371810332029788
locus_118421.01 -0.162025613260261 -0.107880422559803 -0.0250092656829398
locus_118445.04 0.316420453487438 -0.0881824382114029 -0.0103072758972002
locus_118888.02 -0.111127719513172 -0.0912192075210216 -0.0441988578500679
locus_118895.03 0 0 0
locus_118897.02 -0.242413327811726 0.0365508116053423 0.0206291938081211
locus_118978.03 0.0728258957774789 0.0874569358489964 -0.0213401249528049
locus_118987.02 -0.262078368743474 0.0273221995061677 0.0346630317175642
locus_119013.04 0.125534925918459 0.0257335015537614 0.0898784590214337
locus_119069.04 0.256636860420583 0.0888278433227127 -0.049051163120304
locus_119111.03 -0.175399488870757 0.00283711802297663 -0.147108843510794
locus_119162.01 -0.0365363476157602 0.284104731034612 -0.0292984527571206
locus_119173.02 -0.124257884338861 -0.143831284738292 -0.0202456933093599
locus_119792.02 0 0 0
locus_119863.03 0.15003291738813 0.105999785313195 0.027617146607615
locus_120169.04 0.223275290971381 0.0791448254644963 0.00873238513955965
locus_120569.03 0.141984234760264 0.107923213167298 0.025623461903448
locus_121049.04 0.282708516273666 -0.120397164610198 -0.0104884199140478
locus_121206.04 0.23916042752127 0.000836381092551374 -0.0616398900459641
locus_121289.01 -0.109304647308704 0.0278635347470361 -0.150401626574554
locus_121569.01 -0.123476685583961 0.100748475970645 0.172830582349302
locus_121816.03 -0.0950027275033184 0.0162419281582085 -0.0230976509659111
locus_122015.01 -0.244177821795151 0.0829484905597797 0.196022767538326
locus_122214.04 0.223275290971381 0.0791448254644963 0.00873238513955965
locus_122455.01 -0.0971105990210151 0.117131368602624 -0.0736845918085085
locus_123235.04 0.248483809262531 -0.0702437545079127 -0.145173766228496
locus_123253.01 0 0 0
locus_123282.03 0.160481256485 0.0912669946694471 0.00230267505532149
locus_123657.04 -0.0585073224289553 -0.175527479329414 -0.0109353046437048
locus_123752.03 0.156070374097973 0.00997724867625277 0.0670247325771564
locus_123824.01 -0.297708199288835 -0.0632541678743141 0.0255544486043393
locus_124106.04 0.198097776219765 -0.089952092145519 0.0546692718606311
locus_124155.01 0 0 0
locus_124472.04 0.157203225503187 0.114799968757975 0.0155118366933125
locus_125091.04 0.188294020473977 -0.106703396471049 -0.0401168491769207
locus_125240.01 0.18508543540979 0.110529347778622 0.0413859275313613
locus_125430.03 0.204125766882552 0.0379759641103185 0.0119572501642676
locus_125755.01 0 0 0
locus_126123.03 0.172298219818984 -0.132942835110664 -0.0669228794036166
locus_126318.04 0.0441314322179498 -0.033296512170551 0.0102584101999424
locus_126493.04 0.263322114111157 0.0994067861166269 -0.0138357180224856
locus_126526.04 0.0980467200820433 0.0833767353716721 -0.00178517061801843
locus_126644.01 -0.0969597268335275 0.0291054057951963 -0.00922415263585703
locus_126670.03 0.286477403065173 -0.123459726851124 0.0230591232624383
locus_126679.01 -0.294108135101743 -0.0479529499526668 -0.0401351499503602
locus_127468.02 -0.152892151927723 0.0810689804913687 0.159040412655025
locus_127780.02 -0.239922808804418 -0.0612626259847526 -0.0399972160748631
locus_127784.02 0 0 0
locus_127785.04 0.301229020702616 -0.123522846169405 0.0281837117379891
locus_127960.02 0.301229020702616 -0.123522846169405 0.0281837117379891
locus_128824.04 0.147792010706478 0.126583998550667 0.0326890008039468
locus_129393.02 -0.202670562030258 0.0718575319397878 0.133933592790396
locus_129510.02 0.165012419305055 0.0150767013537625 0.138797381483791
locus_129877.02 0.279483210040267 -0.161250625097882 0.0173035394978396
locus_130044.03 0.15003291738813 0.105999785313195 0.027617146607615
locus_130247.02 -0.181434594456435 0.137498384121953 0.0928417816868638
locus_130342.03 0.0238881157035834 0.00878412517274098 0.0191213677265245
locus_131335.01 -0.301229020702616 0.123522846169405 -0.0281837117379891
locus_131386.02 -0.306555969971728 0.0922746796251495 0.00174706522933539
locus_131670.01 -0.141984234760264 -0.107923213167298 -0.0256234619034479
locus_131888.04 -0.0455669107849186 -0.160637057355354 -0.0187995565774798
locus_131916.01 -0.223275290971381 -0.0791448254644963 -0.00873238513955965
locus_131943.01 0 0 0
locus_132001.01 -0.119103306262947 0.136124835477552 0.204761554725296
locus_132299.04 -0.217093109533841 -0.127575757771363 -0.0726581704336657
locus_132389.01 -0.0360585384481958 0.0439716829812016 -0.0337050457058904
locus_132403.01 -0.248240816980432 -0.0755093526371143 0.0063246513591389
locus_133773.03 0.0640578372541115 -0.0618507065887343 0.0746743627158396
locus_134188.01 0 0 0
locus_134259.03 0.284475561683 -0.122996828132771 0.0114096785586076
locus_134590.01 -0.232911208691619 -0.0570739171152914 0.0608788081595889
locus_135414.01 0 0 0
locus_135652.01 -0.0597305700521623 -0.0380318132097279 -0.00974525567533116
locus_137045.01 -0.301229020702616 0.123522846169405 -0.0281837117379891
locus_137289.03 0.265258334767092 0.0183742077694897 -0.119156805294589
locus_137414.02 -0.157026021777098 -0.0166220690160163 -0.137265986652522
locus_137685.01 0 0 0
locus_137740.01 0.157026021777098 0.0166220690160163 0.137265986652522
locus_137847.02 -0.209966010914681 0.0841324675424268 -0.0940497823899777
locus_138027.01 0.172087042376171 0.0275524989666863 0.140532762151733
locus_138413.02 -0.286477403065173 0.123459726851124 -0.0230591232624383
locus_139385.03 -0.239815578779948 -0.0459057865284839 -0.125286981349581
locus_139439.01 0 0 0
locus_139444.03 0.260580434583484 0.138960629976029 0.161896497149835
locus_139765.01 -0.152240631895927 -0.0105397939377038 -0.0326465810441871
locus_141521.01 -0.217575655609386 0.165325115593194 0.0243855705084089
locus_141563.02 -0.25621346461313 -0.122277325906497 0.0511209364518081
locus_141603.03 0 0 0
locus_141821.02 -0.128333525224749 -0.122543845776951 0.144746416257939
locus_142064.03 -0.116280855309666 -0.107982400539903 -0.0649723314272814
locus_142193.03 0.282458769521883 -0.0529401816590237 -0.107089623316048
locus_142354.01 0 0 0
locus_142959.01 -0.247288568969023 0.0543539618750522 -0.0936982351505918
locus_143198.03 -0.157233633492147 -0.131157515915759 -0.0113622781699102
locus_143395.02 0 0 0
locus_143515.04 0.15142958004872 0.0222206948158822 0.0670640175243406
locus_143903.04 0.269898076969183 0.110669812472449 -0.050456369663442
locus_144033.04 0.259345029352375 0.0707196278011998 0.0562305226091284
locus_144339.02 -0.0980467200820434 -0.0833767353716722 0.00178517061801839
locus_144361.03 0.159769378609395 0.00801183720211362 0.011868460440003
locus_144548.04 0.12756201312461 0.0710345778772771 -0.0638035918782113
locus_144771.02 -0.223275290971381 -0.0791448254644963 -0.00873238513955965
locus_144828.03 0.232911208691619 0.0570739171152914 -0.060878808159589
locus_145185.03 -0.016882542786205 0.171614801101833 -0.0973141553962166
locus_145236.02 0 0 0
locus_145480.02 -0.180892678056729 -0.00868742527632449 0.0893827618832738
locus_145912.04 0.25261520741569 -0.173066255785796 -0.0328702823570356
locus_146249.02 0 0 0
locus_146305.02 -0.0827106563880755 -0.00707428770423401 0.0101183001816567
locus_146591.03 0 0 0
locus_146621.02 0.223275290971381 0.0791448254644963 0.00873238513955965
locus_146630.01 -0.0800122747404732 -0.0100796384774986 0.0141443119983354
locus_146631.02 0.0425679049762136 0.100335528723357 0.0838044117100322
locus_146829.01 -0.22019935917538 0.0222825833619433 -0.0646504409248143
locus_147028.02 -0.0226592492859265 0.0869881135319279 0.0217495853674689
locus_147110.01 -0.219559050943411 0.117837838924983 -0.0553080466276869
locus_147444.02 -0.286477403065173 0.123459726851124 -0.0230591232624383
locus_147451.04 0.216084276315003 0.0976176002969941 -0.0496778823850831
locus_147596.02 -0.314345479970115 0.0951530825823801 0.00544873859141232
locus_147702.01 -0.269898076969183 -0.110669812472449 0.050456369663442
locus_147704.04 0.29644829991963 -0.125385590108411 -0.0790186181580428
locus_147917.01 -0.146615517180725 -0.122795266317287 0.0010401555663274
locus_148480.02 -0.0828722416280476 -0.0901235636537711 -0.0104340218226888
locus_148670.04 0.220396995817131 0.00905348823794553 -0.0119743921208787
locus_148890.03 0 0 0
locus_148899.02 -0.159124585682985 0.00306345653787397 0.178264313273993
locus_149375.01 -0.169730919887449 -0.0968124599075187 -0.0348182934113805
locus_149388.02 0 0 0
locus_149636.03 0.204125766882552 0.0379759641103185 0.0119572501642676
locus_149732.02 -0.206815062248978 -0.0164446401441229 -0.00244633151941732
locus_149818.02 -0.0830128924550369 0.0689780053286324 -0.106393942852588
locus_150014.01 -0.197389752720547 0.0396943561951055 -0.0273369058103648
locus_150388.03 0 0 0
locus_150675.02 0 0 0
locus_150917.02 -0.149515010072138 -0.121544590209124 -0.015294031512118
locus_150969.02 0 0 0
locus_151471.03 0.265614595635689 0.0359217060021673 -0.0723985586827747
locus_151492.04 0.180477728236584 -0.0391363224595454 0.0233042905533744
locus_152024.02 -0.157203225503187 -0.114799968757975 -0.0155118366933125
locus_152376.03 -0.142811698440971 -0.15145650429211 -0.0371810332029788
locus_152394.04 0 0 0
locus_152420.02 -0.0884297309180987 0.0269110358403563 -0.078446563737495
locus_152471.04 0.223275290971381 0.0791448254644963 0.00873238513955965
locus_153021.03 -0.130564399266539 -0.0970970917590795 -0.076050977273788
locus_153095.04 0.238973035748346 -0.0970497959348245 0.101489969040453
locus_153119.03 -0.223275290971381 -0.0791448254644963 -0.00873238513955965
locus_153130.02 -0.25621346461313 -0.122277325906497 0.0511209364518081
locus_153394.01 -0.286024073570138 -0.117266774514474 -0.000146014731288564
locus_153442.02 -0.0860142456233864 0.0908717107754346 -0.112808940652996
locus_153825.01 -0.223275290971381 -0.0791448254644963 -0.00873238513955965
locus_153936.02 0 0 0
locus_153970.01 -0.223607843629575 0.0457075142403808 0.0363470252733935
locus_154242.01 -0.223275290971381 -0.0791448254644963 -0.00873238513955965
locus_154342.03 0.126780775426826 0.059999024415297 -0.027448402389476
locus_154786.04 0.225028569142143 0.0846611484700091 -0.0994268599974981
locus_155050.03 0.227764514368853 -0.0955564904206602 0.0608698663392835
locus_155176.02 0 0 0
locus_155588.01 -0.301229020702616 0.123522846169405 -0.0281837117379891
locus_155634.01 0 0 0
locus_156010.04 0.321148814733863 0.0692146531426651 -0.0551849116853406
locus_156034.01 -0.189644033176518 -0.0401447197397875 0.0282433020021766
locus_156183.03 0.223275290971381 0.0791448254644963 0.00873238513955965
locus_156291.04 0.244501086378793 -0.11281710523351 0.015021807572218
locus_156295.01 -0.0695804176033569 0.0232826809008639 0.0164219412985776
locus_156558.01 -0.0909946900848621 -0.0121781448508415 -0.0101303318826075
locus_156840.03 0.226436095614452 0.0710213742508592 0.00992442970147597
locus_156951.02 -0.274542365931352 0.120938956050192 -0.0226486693856469
locus_157051.01 -0.22513385866409 -0.0635963274498951 -0.0106783466946574
locus_157173.04 0.245857901280881 -0.122660079963174 -0.0424667534756465
locus_157294.01 -0.22477485582601 0.0568898357557019 -0.0127974707420399
locus_157296.02 -0.16409000479061 0.00359502893600346 -0.10900315412671
locus_157328.03 0.222203920923319 -0.0465536066964727 0.136287790305104
locus_157795.03 -0.12428262649977 -0.103068753171096 -0.00757498954192499
locus_158280.01 0 0 0
locus_158281.03 0.286024073570138 0.117266774514474 0.000146014731288564
locus_158368.02 0 0 0
locus_158632.04 0.0487686713926194 0.0595771507086476 0.0118398391752543
locus_158690.01 -0.197267306607288 0.0827434796125654 0.0681990752073251
locus_158782.04 0.157203225503187 0.114799968757975 0.0155118366933125
locus_159079.01 -0.100412424358779 0.0441490542243141 -0.105059928307556
locus_159231.04 0.197389752720547 -0.0396943561951055 0.0273369058103648
locus_159285.03 0.25621346461313 0.122277325906497 -0.0511209364518081
locus_159702.02 0.0828722416280473 0.090123563653771 0.0104340218226888
locus_160084.02 0 0 0
locus_160362.02 -0.0945854144027226 0.0154933585428214 0.0228092034711428
locus_160589.02 0 0 0
locus_161221.04 0.0980467200820434 0.0833767353716722 -0.00178517061801845
locus_162022.04 0.25621346461313 0.122277325906497 -0.0511209364518081
locus_162112.04 0.252954784309348 -0.171461798688767 0.0151190176011783
locus_162698.01 -0.255941877675861 -0.0343577727027617 0.161632792328564
locus_162862.03 0.0726408127037245 -0.00701622986958177 -0.00363612472844749
locus_162943.03 0.315422342834824 -0.0920089072304465 -0.013545516356209
locus_164880.03 -0.129706384473656 -0.0815948589356998 -0.0624070010280491
locus_164959.01 -0.223275290971381 -0.0791448254644963 -0.00873238513955965
locus_164985.01 0 0 0
locus_165532.04 0.223275290971381 0.0791448254644963 0.00873238513955965
locus_165784.01 -0.141984234760264 -0.107923213167298 -0.025623461903448
locus_166101.01 0 0 0
locus_166732.01 -0.223275290971381 -0.0791448254644963 -0.00873238513955965
locus_166749.03 0 0 0
locus_166769.04 0.0300838057101177 -0.0443109448853839 0.00773483535830104
locus_166865.03 0.0977888275721808 0.0486751945218301 -0.0943290292612979
locus_166886.04 0.223275290971381 0.0791448254644963 0.00873238513955965
locus_167536.01 0 0 0
locus_167596.01 -0.0846901259947533 0.0218486229537901 -0.0216080216688669
locus_167741.03 -0.288484155522023 0.0748893339115719 0.0563464718654768
locus_167750.01 -0.177069024372451 0.0453382426428174 0.00575821401814927
locus_168131.01 0 0 0
locus_168197.01 -0.223275290971381 -0.0791448254644963 -0.00873238513955965
locus_168388.02 -0.301229020702616 0.123522846169405 -0.0281837117379891
locus_168603.02 -0.180253032458439 0.0447193033344756 -0.0367220298188844
locus_168728.01 -0.139041566974403 -0.118070426836181 -0.0475894254918354
locus_168798.04 0.160777385361063 -0.00504629642052367 -0.0286609351279549
locus_168844.03 0.320245196976291 0.0363826379721368 -0.0421501661188632
locus_168919.02 -0.210533040621394 -0.0437623202236323 -0.0118015524461336
locus_169010.01 -0.25621346461313 -0.122277325906497 0.0511209364518081
locus_169012.01 -0.0454370129001231 0.0343574148510763 -0.0218796200500993
locus_169016.01 0 0 0
locus_169145.02 0.111127719513172 0.0912192075210215 0.0441988578500679
locus_169161.02 -0.132071580697746 -0.122098787639057 0.133693504924313
locus_169211.03 0.223275290971381 0.0791448254644963 0.00873238513955965
locus_169446.02 -0.214675086826259 0.00888427778236883 0.0790637827349961
locus_169627.04 0.210884598657353 -0.0079248980162631 -0.0982990386408409
locus_169833.04 0.141161846189405 0.00667316298980431 0.00818001471337476
locus_169876.01 -0.252954784309348 0.171461798688767 -0.0151190176011783
locus_169929.01 -0.0359227779769841 -0.0722476106999403 -0.0680377265540731
locus_170318.04 0.144848576879025 -0.0502010797001832 -0.102303679088824
locus_170358.03 -0.223275290971381 -0.0791448254644963 -0.00873238513955965
locus_170463.02 0 0 0
locus_170623.03 0.286477403065173 -0.123459726851124 0.0230591232624383
locus_170682.01 -0.305060783041753 -0.0290872277699048 -0.028923287219057
locus_170687.02 -0.0999017886404101 -0.108290357379004 0.141684938377214
locus_170799.03 0.309591648503719 0.0181416343584771 -0.0628017238985947
locus_170939.02 0 0 0
locus_171035.01 -0.232911208691619 -0.0570739171152914 0.0608788081595889
locus_171242.03 -0.273123929435183 0.124214354072309 -0.0320867428353331
locus_171314.01 -0.223275290971381 -0.0791448254644963 -0.00873238513955965
locus_171322.01 0 0 0
locus_171413.04 0.223275290971381 0.0791448254644963 0.00873238513955965
locus_171434.03 0.239922808804418 0.0612626259847526 0.0399972160748631
locus_171661.04 0.242268049097891 0.0256716824193575 0.104452955785698
locus_171701.02 -0.0940451355698618 0.0436903300804838 -0.0942207833467784
locus_171756.04 0.248240816980432 0.0755093526371143 -0.0063246513591389
locus_172095.03 0.242169114290523 -0.0383520305849139 0.00555224633071149
locus_172199.02 -0.0980467200820434 -0.0833767353716722 0.00178517061801839
locus_172258.02 0.304614624800487 0.0170345863873234 0.0215258920519139
locus_172454.04 0.263477337619618 -0.10034584452829 -0.066842749282993
locus_172602.02 -0.239922808804418 -0.0612626259847526 -0.0399972160748631
locus_172852.03 -0.175203379319401 -0.108520569795152 -0.0485527569421466
locus_172888.01 -0.247426451527233 0.0800345756122385 -0.0347725551584265
locus_172902.01 -0.252954784309348 0.171461798688767 -0.0151190176011783
locus_173184.03 0 0 0
locus_173297.02 -0.169730919887449 -0.0968124599075187 -0.0348182934113805
locus_173347.03 0.149228870781246 -0.0291902716239569 -0.0128519551738567
locus_173390.03 0.0957491849594862 -0.0285315122409635 0.0486865509947943
locus_173470.02 -0.203526843051307 -0.060631871819496 -0.0474461532967103
locus_173607.01 -0.223275290971381 -0.0791448254644963 -0.00873238513955965
locus_173737.01 -0.277110382536455 -0.0649785908143576 -0.050229784034623
locus_173953.02 0.236774911017763 -0.106910758254992 -0.0565448668597101
locus_174012.04 0.277982652873662 -0.0941672441348525 0.0864693982162626
locus_174113.01 -0.159434179043693 -0.0931656610457691 -0.016617676241212
locus_174126.03 0.0628499472008163 0.0500932154446694 0.0344581200460537
locus_174283.02 -0.301229020702616 0.123522846169405 -0.0281837117379891
locus_174346.01 -0.282708516273666 0.120397164610198 0.0104884199140478
locus_174354.04 0.176426462352497 -0.134772333486389 -0.1136007327548
locus_174372.03 -0.15003291738813 -0.105999785313195 -0.027617146607615
locus_174379.01 0 0 0
locus_174634.04 0.316420453487438 -0.0881824382114029 -0.0103072758972002
locus_174862.03 0.130004284019368 0.08527803240888 -0.15129458440015
locus_174875.02 -0.306555969971728 0.0922746796251495 0.00174706522933539
locus_174898.01 0 0 0
locus_174993.04 0.243624953232505 -0.0232995523596739 -0.01609325855999
locus_175003.04 0.0980467200820434 0.0833767353716722 -0.00178517061801839
locus_175113.02 -0.0190659702821922 -0.0898567540439434 -0.100557295562148
locus_175390.04 -0.187619014127663 -0.118983514809974 -0.0379286803556389
locus_175436.01 0 0 0
locus_175483.02 -0.141984234760264 -0.107923213167298 -0.025623461903448
locus_175605.03 0.139288193057621 -0.155398335766247 0.029706781017116
locus_176017.02 -0.223275290971381 -0.0791448254644963 -0.00873238513955965
locus_176143.03 0.0915512124122321 0.012377797935586 -0.0159418804255239
locus_176193.04 -0.138709727170895 -0.127604441719952 -0.0304919010104525
locus_176444.02 -0.214506243408891 -0.113522277137208 -0.0422104499168118
locus_176628.03 0.243374113044967 0.0100931607565698 -0.0404910886755789
locus_176646.03 -0.176340387237355 -0.082576049314305 -0.0609884854199235
locus_176666.04 0.189644033176518 0.0401447197397875 -0.0282433020021766
locus_176744.01 -0.223275290971381 -0.0791448254644963 -0.00873238513955965
locus_176863.02 -0.244200070865672 -0.0693080782535322 -0.0608173846412786
locus_177208.01 -0.223275290971381 -0.0791448254644963 -0.00873238513955965
locus_177306.03 0.0728258957774789 0.0874569358489964 -0.0213401249528049
locus_177484.01 0 0 0
locus_177735.03 -0.302889351299725 -0.152071165945889 -0.0698189274282636
locus_177778.01 0 0 0
locus_178218.04 0.197389752720547 -0.0396943561951055 0.0273369058103648
locus_178496.04 0.138709727170895 0.127604441719952 0.0304919010104525
locus_178631.03 0.223275290971381 0.0791448254644963 0.00873238513955965
locus_178751.01 -0.0950027275033184 0.0162419281582085 -0.0230976509659111
locus_178799.03 0.205654305269075 -0.0611343163120875 -0.00115946945379318
locus_178842.04 0.263322114111157 0.0994067861166269 -0.0138357180224856
locus_179112.01 -0.155244750919569 0.115575517764971 0.200069788584766
locus_179234.01 -0.258050082967077 -0.0197048151195848 0.119468996245429
locus_179248.04 0.286477403065173 -0.123459726851124 0.0230591232624383
locus_179288.04 0.139122280658992 0.126486958783907 -0.00105776536951078
locus_179306.01 -0.288107898563845 0.112937297681381 -0.0534163418972064
locus_179372.01 -0.106353417966063 -0.0105102017130335 -0.0264561721732031
locus_179403.03 0.286477403065173 -0.123459726851124 0.0230591232624383
locus_179429.01 -0.174283807908352 -0.0252230868304355 0.04550914786883
locus_179651.04 0.103785632900002 -0.0322125869180134 0.00533272781773225
locus_179678.02 0.119103306262947 -0.136124835477552 -0.204761554725296
locus_179818.02 -0.15003291738813 -0.105999785313195 -0.027617146607615
locus_180066.03 0.240367649700106 0.0698449885784937 -0.102402724055775
locus_180111.03 0.140910112618784 -0.101368503909907 -0.145971210133823
locus_180430.02 -0.160481256485 -0.0912669946694471 -0.00230267505532153
locus_180473.02 -0.234068553825625 0.0335041132029513 0.0134324460471374
locus_180539.01 0 0 0
locus_180569.03 0.244200070865672 0.0693080782535322 0.0608173846412786
locus_180577.01 -0.245019748975634 -0.0493955500957951 0.0699135657527026
locus_180719.02 -0.117571578383768 -0.000461014110444871 -0.0684016616110831
locus_180824.02 0 0 0
locus_180910.04 0.223275290971381 0.0791448254644963 0.00873238513955965
locus_180979.04 0.0820586295422535 -0.105293660834535 0.0524858310553131
locus_180986.04 0.149732451134056 -0.126949844589006 -0.191915738282322
locus_181062.03 0.221906664654112 -0.126574563466909 -0.0126855685890179
locus_181085.03 0.164671070716811 -0.0099219152241851 0.0195749109762889
locus_181174.02 0.129167127721181 0.144127096336195 -0.097178293613528
locus_181260.01 -0.2402257677244 0.0300920940853872 -0.0276967099131968
locus_181267.02 0 0 0
locus_181283.02 -0.113636351280368 0.0665400697305644 -0.170719858949644
locus_181300.01 -0.214675086826259 0.00888427778236883 0.0790637827349961
locus_181381.03 0.268006985101011 -0.107285601852602 0.00103041350430254
locus_181408.03 0.25621346461313 0.122277325906497 -0.0511209364518081
locus_181478.03 0.141984234760264 0.107923213167298 0.025623461903448
locus_181534.03 0.141802405175184 0.153392171048521 -0.0955148133085076
locus_181596.01 -0.223275290971381 -0.0791448254644963 -0.00873238513955965
locus_181640.01 -0.265614595635689 -0.0359217060021673 0.0723985586827747
locus_181769.01 -0.277330323622422 -0.0423997005590853 0.0672778070240639
locus_181800.01 0 0 0
locus_181938.01 -0.250539595575293 -0.0159617025696665 0.0399263287842685
locus_182021.04 0.270411914817401 -0.0795640777524728 -0.0608823478447631
locus_182282.01 0.219270528476756 0.155376129185587 -0.0222168277265773
locus_182328.04 0.253809498207112 -0.0183904915874957 -0.0532425787813078
locus_182336.04 0.219650878947047 0.0827771156451362 -0.0188787823982221
locus_182397.04 0.286477403065173 -0.123459726851124 0.0230591232624383
locus_182589.01 0 0 0
locus_182615.04 0.15003291738813 0.105999785313195 0.027617146607615
locus_182717.01 -0.0353120809920281 0.0316820988984467 -0.00811614567700723
locus_182726.02 0.223275290971381 0.0791448254644963 0.00873238513955965
locus_182775.01 -0.234749993758805 -0.00871718312520227 0.0649176625909265
locus_182796.04 0.239922808804418 0.0612626259847526 0.0399972160748631
locus_182851.03 0.223275290971381 0.0791448254644963 0.00873238513955965
locus_182959.02 -0.092305959862799 -0.110026553607746 0.144110999794568
locus_183159.01 0 0 0
locus_183173.01 -0.100068358292005 -0.015877778631598 -0.0135413670876895
locus_183232.02 0.267510651018212 -0.172370653344445 0.0229215557763513
locus_183286.02 -0.216805269989649 0.054097083184801 0.0401601543373702
locus_183455.02 0 0 0
locus_183698.01 -0.197389752720547 0.0396943561951055 -0.0273369058103648
locus_183772.01 0 0 0
locus_183814.03 0.223275290971381 0.0791448254644963 0.00873238513955965
locus_183959.02 -0.179422745763107 -0.00595648225609546 -0.0438529256782999
locus_184065.03 -0.134799100980529 -0.167339822452886 -0.0234933202659165
locus_184090.04 0.26893173928126 0.0598336390885292 -0.00392969103959867
locus_184114.01 -0.263507399432063 0.12006633068727 0.0220876269593414
locus_184128.03 0.199747548983714 -0.0300093077546849 0.0308711912669641
locus_184250.01 0 0 0
locus_184276.03 0.22477485582601 -0.0568898357557019 0.0127974707420399
locus_184321.04 0.25621346461313 0.122277325906497 -0.0511209364518081
locus_184383.01 -0.101232292757285 0.0369354972781058 -0.161887738879972
locus_184393.02 -0.0555723673243481 0.0435564692790354 -0.132392435462152
locus_184503.03 0.223275290971381 0.0791448254644963 0.00873238513955965
locus_184516.02 -0.089035121153887 -0.0375172058225494 0.00233354762460368
locus_184554.01 -0.304029024241565 0.0778608957284792 -0.0184142753912668
locus_184775.04 0.199747548983714 -0.0300093077546849 0.0308711912669641
locus_185007.02 0 0 0
locus_185386.03 0.33646659623326 0.0232577108756653 0.0669391797666271
locus_185419.03 0.244200070865672 0.0693080782535322 0.0608173846412786
locus_185504.01 -0.161886107388952 0.0744063555175372 -0.0793461671716162
locus_185837.04 0.263322114111157 0.0994067861166269 -0.0138357180224856
locus_185918.02 -0.225028569142143 -0.0846611484700091 0.0994268599974981
locus_185928.03 0.252178781405399 -0.0407614070483789 -0.00671223487652444
locus_186123.03 0.137312412768305 0.136532253542862 0.0360742519852364
locus_186426.04 -0.184406227165505 -0.113521677858261 -0.0141579624785722
locus_186572.04 0.177069024372451 -0.0453382426428174 -0.00575821401814926
locus_186604.02 -0.264295742111975 0.0153217861357281 0.05087703445899
locus_186610.04 -0.15003291738813 -0.105999785313195 -0.027617146607615
locus_186635.02 -0.163769636198839 -0.0776978709828223 -0.0459554600994441
locus_186705.02 -0.301229020702616 0.123522846169405 -0.0281837117379891
locus_186870.02 -0.223275290971381 -0.0791448254644963 -0.00873238513955965
locus_186879.02 -0.0353120809920281 0.0316820988984467 -0.00811614567700723
locus_186906.01 0 0 0
locus_187143.03 0.260398756521511 -0.0189634584593884 -0.038955401949727
locus_187221.02 -0.223275290971381 -0.0791448254644963 -0.00873238513955965
locus_187251.02 0 0 0
locus_187294.01 -0.165638856067877 -0.0520303520753688 0.15311195101273
locus_187519.01 -0.14567392166585 0.0554774113107622 0.00219307746137678
locus_187715.01 -0.259431244024619 0.137980817750712 0.0228352645588841
locus_187793.04 0.134640753983296 -0.0300952445151888 0.113374318669332
locus_187818.01 -0.294947625821439 0.065824070615034 -0.042400421093968
locus_187823.02 0 0 0
locus_188130.02 -0.225028569142143 -0.0846611484700091 0.0994268599974981
locus_188189.01 0 0 0
locus_188331.03 0.023244057343718 -0.0537871062854161 -0.131793668895994
locus_188518.01 0 0 0
locus_188828.01 -0.0984467525209374 -0.108463596024224 0.145987278278784
locus_188830.03 0.265151635808539 -0.172702643972622 0.0196223889497031
locus_189047.02 0 0 0
locus_189055.01 -0.15486328817522 -0.134081438068007 0.0343605483649976
locus_189076.04 0.215514036180095 -0.130326992838276 0.0900550452450665
locus_189206.01 -0.124193184172236 -0.0411615430592161 -0.15326366512707
locus_189288.01 0 0 0
locus_189300.01 -0.204125766882552 -0.0379759641103185 -0.0119572501642676
locus_189326.02 -0.301229020702616 0.123522846169405 -0.0281837117379891
locus_189340.01 0 0 0
locus_189392.01 -0.302207269563811 0.119390884601037 -0.027007096553338
locus_189506.03 0.141984234760264 0.107923213167298 0.025623461903448
locus_189615.04 -0.163211711282786 -0.11814107414833 -0.00980500229797396
locus_189679.02 -0.144978430077038 -0.131881577305645 -0.0325470178722167
locus_189859.04 0.115684520608567 0.0276954979489281 0.0273010839972038
locus_189863.01 0 0 0
locus_189924.01 -0.10783064471595 0.0414019193771041 -0.0313674808655616
locus_189990.01 0.134002205296712 0.110045285396994 0.0284199728640925
locus_190317.04 0.106053654642047 -0.0616271832671353 0.0445523535598071
locus_190495.04 0.286477403065173 -0.123459726851124 0.0230591232624383
locus_190589.03 0.263507399432063 -0.12006633068727 -0.0220876269593414
locus_190627.04 0.252954784309348 -0.171461798688767 0.0151190176011783
locus_190698.04 0.302081234821 -0.122005490548246 0.022644905367535
locus_190803.01 -0.112136500083311 -0.133132185674382 0.131605391182769
locus_190914.03 0.265151635808539 -0.172702643972622 0.0196223889497031
locus_191205.02 -0.145422941662451 0.109891919405806 0.0554881242647849
locus_191416.02 0.265151635808539 -0.172702643972622 0.0196223889497031
locus_191677.01 -0.223275290971381 -0.0791448254644963 -0.00873238513955965
locus_191688.01 -0.22477485582601 0.0568898357557019 -0.0127974707420399
locus_191716.03 0.265832188560779 -0.115213048999569 -0.01409254831795
locus_191775.03 -0.171388076231201 -0.112589287394155 -0.0336219370049039
locus_191897.01 -0.233946893691655 -0.044802020501533 0.0603047531093753
